.. 51 .. .
51, 1151, 0.151,11.111, 8. 17, 7. 110, 6. Α11 pr. 15. 11

118,6.118, 18. 11111511. 111
1555111155 58. 111 1, 7. 111
1,17.1111,18.1116,5. 1116,
11. 1117, 6. 11110, 15. 111
10,11. 11111, 1. 11116, 1.
11119, 11. 1115)). 50. 1111, 1.
1111,17. 1115,18.1117,1.
1111, 1.11111,5. 11111,15.
111 11, 5. 111 15,»1. 111 18, 56.
111 19, 1. 11110,1.11110,15.
11110, 19.11110,10.11110,
15..11110, 15. 11111, 1. 111
11, 1011115, 1. 11111, 11.
(615).111,1.111,7.111,11.
11·1,15.115,5.115,11(615).
11,6.117,10.119,5.1
1,10.16,1.18,15.18,
17.110,11.111,9.111,
11.115,1.111,11.115,
1. A 19, 7.

quae (fem) 18, 11. 111, 5.
116, 7. 116,10. 11 1,8. 11
5,9.116,5.116,16.1111,
5. 1115,5.111 10, 51. 111 15,
1. 111 Ι15,1.11115,7. 111 15,
0. 11115, 16. 111 16, 16. 111
1,19.1115,5.1116,57.-111
7,10.1117, 11.1118,7.111
ep. 8. v5, 9. A 6, 17.1
15, 15.115,1.117,1.
quod (110111. 5.) 1 1, 11. 11 ep.
6. 111 pr. 7. 111 pr. 16. 111
10, 8. 111 17, 15. 11118,11.
11119, 5.1115,15. 1115,15.
111518. 11111, 1. 115,«10.
1110, 9. (615).11,10.,11,
11.15,1.118,7.

’ quod (aee. 5.) 1 1, 7. 11, 11.

75, 15. 1 10,1. 1 ιι, 10. 1

5, 5. ιιι 5, 8. 1117,15. ιιι
ιιι, 15. ιιι 10, 55. ιιι ιι, 7.

ιιι ιι, 5. ιιι 15, 15. 11115, -
11. 111 17, 8. ιιι 17, 15111 -

ep. 9. 1115)). 1616151111,
7. 1116, 7. 11110,9.11111,
15.1v11,57.1v11,15.v
AwA5AAm1
cuius 11 pr. 15. 1119, 5. 111
’15, 15. 117, 11. 117,16.
501111, 16.111,7. 115,11.
111 5, 15. 111 11, 6. 11110,
QVWAVAZVwffl
11,5.111,6.115,1.1
15, 5.

quam l pr. 1. 1165111155.
55.1115,5.11111,9.11111,
18. 15, 1. 115, 6. 115, 11.
115,1.111,1.150,1.
quem 11,6. 11,7.1 15, 10.
117, 5. 117,8.118,16.111
[ιι. 17. 111 pr. 51. 111 10, 58.
111 ep. 5. 1115518. 1111,1.
11111,10.-11110,11ἴ11111,
6.115,51.116,7.118,5.
11,6.118,1. , .
quo (661.)15, 11. 18, 10.1 .
18, 7. 111 pr. 18. 111ρι. 51.
11110,11. 111 ep. 11. 1111, 1.

171515. 7715, 1. 7511. .

11,11. 18,11.115,5;
A 15, 10. 118,16. A 10, 8.
(ante comparat.) 1 18, 5111
11, 5. 15, 15. ’
qua (abl. s.) 111, 1οζ 116, 15.
V 1, 5. A 50, 1.
551151.)11,15.111, 15. l
15, 1.117, 1. 1111, 15. 111
1, 19. 11110, 55. 111 11, 8.

 

