-20..

(1999111111, 11. 116, 15. deductuslll,5. (1909911999.
Dardaniae (9991919118. 1.).111 15, 5, -
(19115, 5. 116, 6150, 51 (19191111916,10.

51, 15. 111 7, 11. 11110, 15. (1919119111, 11. (1911119999.

11110, 11. 11115, 11. 111, 9.) 11110,17.
9. 1111, 11. 1111, 15. 11 (1911919111 V 5, 11. (19199111
17, l. 11 10, 16. 11 15, 1. 1,11.(19199199111,5.16,1.
17,10.15,1. 115,11. deflebo A 19, 9.
(199 (9919.) 111 18, 5. deflexit lV 15, 6.
debes A 15, 1. A 15, 5. debet deformis (9919. 1.) 11 5, 11.
116, 11. 11111, 11. 11199. degeret A 15, A. degerentl
15. 1111, 15. 1199. 8. V 50, 6. degere 1 5, 1.
1, 11. (1919111 11,10. 118, degravati lV 11, 15.
1. debebat 1 17, 7. 11, 1. degrunnit 15, 17.
debebunt lV 5, 6. debeas 11 deiectum (999. 91.) 11 1, 1.
91.11.’(191)91191.1.(1919· (19111111,7.119,5.1117,5. ”
- 191 111,8. 11191. 61. deberi 11115, 5. 11199. 1. 11199. 15.
117, 5. debltam (999 9.)111 11, 5
9919 (1919(191561851155.
debilis (9991.)1) 111,10.(19 1115, 5. 1111010 111, 15.
bilem (999. 91)11199 16. dc· 115, 16. 115, 55. 11 10, 6.
biles (99919.) A 10, 11,.111, 11.
decedens lV 5, 5. - delectet ll 91. 10. delectaris
decem l 17, 5. V 5, 9.
decerne 111 99. 16. .· ’ delenirem 11191. 11.
decidit 1111,1.,(1991(1919911 delibo lV 11, 8. delibutus V
5, 5. decidissent lV 9, 5. 1, 11.

„ (1991911111, 5. (19999111 51, (19119919 (9111.19.)11,15. de-

6. (1999919919191117, 6. de· licatcs lV 5, 16.

ceptus l l5, 11.(1999911(9919. (1911919 11 1, 8.

,1.) 11, 5. (1911919111 (999.) 111 11, 6. de·
declarat V 5, 58. licta (999.) A 6, 15.
(1991111111 1, 8. 1118, 9. 11 deligens lll 91. 10.

1,1 (1999111119911,15. Ι)9111(999.9.)16,7. ·
decus (999.) 11191. 55. 1111 delinquunt lV 10, 5. delique· .

15.111,6.(199911911.5,’7 119111, 1.
(19(19999(999)11111.18,15. (1911111111(999.19.)11111,15.
(19(1111115. deditus 1111, Β919119916,1.

19. dedita (9919. 1.) 115,15. deluslt V 6, 7. delusa (com. 1.)
dedicans 11191. 50. 111 18, 15.

 

