bidens ,1 17, 8. O
bilinguis (1111.) 111, 11.

binas 1 15, 7. eaeant 11 18, 15.

. 51111111111111.)117,7,” cadaverum A 15, A.
111118,1.111,11. . (1111111118, 11.
blandiar A 11,6. blandiretui eadls (11111.) iV5 15,

,117, 1, (1111101111)1181,111(1 (11111)
blanditiae (aem.)l 19, 1.11111,17.·
110111111111115,1811111117, eaedem 117, 8. 1111111111,

111, 8. 11. 117, 16.
50111111111, 11, 1111111111.) caelitum A AA, 55.

115,111,115, 1111111111 111111111111.) 117, 111. 11

(111111.)11, 111. 1111, 5. 111,11(1111111.)111,1.511110

bono (1111)1111.11(1111111111 (1111 1.)1111,5 1,1.)(1111 AA,.A

A 5,9.1111111(111.)111111,57. (1111511115, 7. 115, 111.

bonas 11 pr. 11. 1111111111.) 1 caesus A 15, lt.

11111. A 6, 11. (11111.) 15,1. calamitas 1, 5, 111. calamita-

1118,16. 1111111111. 111. 1111111111111 ,
1101118511111111111, A. 1 11, 7.

11,8.Α111,6.11111111, 11111111111111.)111,1. . ¹

5. 111111(1ο11.)1511,6.1111. ealee A 111, 11.

11.) 118, 11.115,11,111111111 calceandos l AA, 16, .

118,15.(11111111111111,)17,57.
11011111(111,)118,1.ο111111111(111.)111,1,
1111111111111)1111,5.111111111111111, 1,11111111(9111)

1111118, 5. brevi (11111.)111 111,18.11111111(1111)111

pr. 51, 11 5, 15111111111111 calumniae (1111.) 111111, 11.

11111111, 1111.) 111 11, 6. breve 1111111111111111111, 57,

(11111.)1111,6. (11111.) A 8, 15. calumniari 1 pr. 5.
brevitas 11 pr. 11. brevitati calumniatori 17, A..

111 ep. 8. brevitatem 11 ep. calvus 11 1, 9. 1 11, 1. 18,

7. brevitate 111 10, 611. A. calvi (9111.) 15, 1.
breviter 111 7, 1, 111 111, 1. 111111111111) 1115111.

A 111, 5. eampum 1 11,8.11111)1ο(111,)

11111111111111111.) 1111, ill. 151111. ’
bubulcus 118, 11. 116, 11. 1111111111.) A 111, A.
bubulco (abl.) A 16,1,1111- candore 111 pr. 55.
1111111 A 16, A. A 16, 7. eanens 11 11, 5,
’ eanis (11111.) 11, A. 1 17, A.
119, 5115, 5117, 5111

 

