sarcophago (911.) A 15, 1.

IV pr. 9. scriptum 991111 15,

satiatur 116, 9. satiari 1117, 5. scripta 9911 1, 11.

11. lv 9, 9. A 9, 1.

scripta (911591. acc. pl.) IV 7,

9111191111. 11111.1.1111, 1.17,1.
11..117,6.11111,1.19, 991191911117. >
6. 19, 81117, 6. 99111191 scrofa (119111.)117, 1.

8, 95.
99191111 17, 19.
99191 A 18, 11.
9911919111 11 7, 8.

9911119191 11 8, 11.
scrutantur 1V 18, 7.
9911119 (119111.) V 5, 8. V 5, 17.

scurram V 5, 51.

saxum (991.) A 5,1. saxo (961.) scyphum (111.) 1 11, 7.
1111, 17. saxa (199.) 111 pr. Α scytha (rtem.) 111 pr. 51.

58. saxis (911.) 1111,1.

9111 (999.) 11 ep. 19. 15, 9. A ⁵

scalpas A 9, 8. A 9,(1. scal· 15, 1.
(1911119, 1199911191919, 9111119,1.Ι11,1.111,11.

1. 19, 9.

, 9999911111, 6.

198, 1. 199, 1. 11 91. 111
1, 19. 1119, 9. 111199. 111

scarabaei (11991. pl.) 1511, 7. 18, 1. lV 1, 7. tV 5, 6. 1v

999191911110,59.1117,15. - 18,1.Ι1118,11.115,1.1

. scopulum (999.) 11 11, 11.

9991919(1199.)11111, 18. - 7,1.119,“5.18,111.118,
Ι99919919 (119119.) A 19, 8. 999· 17. A 11, 11). A 18, 5.
19919 (999.) 11111. 99919919 99 (999.) 15, Q, 15, 7. 1 19,
(1111.) 11 1, 5. scelestae (119111. 5. 115, 1. 1 11, 8. 111, 11.
11.).15, 111. 117, 5.111,111..151,1. 11
scena (161.)15, 15. V7, 5. 1,8.111,19.118,1.11191.
sceptrum (199.) A 9, 11. 51. 111 pr. 16. 1118, 6. 111
9911919 (911.) 111 pr. 10. 111, 11. 111 11151. 111 11, 7.
99111991 V 5, 51). A 511, 1. 11116,1. 11118,1.11119,11.
99191116, 9111, 15.115,7.
A 11, 6.. 99119111 l 15, 8. sci·
ret A 15, 5. 9911991 11 ep. 5.
’ 99119 A 7, 5. 99111111115, 11).
991919911115, 51. scierint
115, 6. 991999 111 ep. 1.
99119 (adv.) V pr. 5.
scopulosum (1199. 11.) 11191.

1111111111, 11.1118,1.
IV 9, 90. 11115,1. 11119, 5.
11111,15.11111,11.11115,
1515911511. 117,51.
119,5.115,15.117,1.Α
15, 10. A 11, 5. A 15, 1. A
15, 1. A 17, 5. 1117, 7. A
11,19.1111,1. 1116,19.
1191. 11111.

99 (abl. 9.) IV 11,,1.
9999111111, 9.

9999111, 11). 151,19. lt pr.

9911119111. 111 ep. 1. scriberet
11115, 5. scripsit 11111, 9.
scripserimV 10, 111. scribendi

 

