,30-

1.115,50.111,25.125, 1101521121, 1. 111 pr. 16. imi·
5.127,2.111119,5.110,’ 11531855. imitatusestv
5.116,1. 128, 7. 1112,9. 5171ιηί15116] (10111111
1112,17.1116,1.1118,6. 5, 55. . ·
’11115,15.11115,,9. 11115, .1mm0A5,12.A9,9.A15,8.
10. 111 16, 15. 1115,15. 111 immodicae (nom. pl.) 111 ep. 1.
8, 5. 1119,7.115, 5196. impendas 111 pr. 11. “
19,11.125,5.Α21,1., imperatorA8,11.

A 50, 5. A ep. 5. illius (m.) impinge 111 5, 7.

1 11, 8. 111 pr. 58. 11125, 26. impudent1a0·(qen.) 1 11, 18.
, 1111111.)127,5.112,6,111 imputare 1 22, 8.

pr. 21. 1115, 5. 11121, 12. in (aee.) 122, 10. 150, 9. 11

112,11.11,11. A 10, 9.
(1)126,1.1115,57.19,5.
illum 1 11,1. 111 pr. 50. 111
18, 5. 1111,5. 11112711
2, 6. 115,15. 18,11. 111,
15. 1111115, 15. 11 [ιι. 12.
111 15, 1. 11115,7. 515.
11,1.1111ιι118,6.111[ιι.6.
117, 52. A 8, 55. 11011111
18, 6. V 1, 6. ini (nom.) 1
5,8. 122, 10.121,6. 121,
8.150,5.11110,52.11118,
55.11122,11.11125, 15. A
28,1.1111512,19.151,10.
illorum (1111150, 11. illas lV
5, 28. IV 15, 7. 1v16, 1.
illos 11, 11. 110, 6. 111,
17. 11118, 15. 128, 6. iuis
(dat. f.) 12, 15. (1111221.
17, 5. 11 ep. 15. 1112, 19.
ιιι 11, 8. ιν 7, 15. ιν 25.
2. (abl. m.) 15, 12. (f.) 111
2,1.

illle 1117, 15.

illuc IV 20, 16.

imago A 1, 26.

imam 111, 5.

imbres (acc. pl.) 1117, 12.

pr. 11. 11 1, 5. 115,8. 115,

, 18. 116, 1. 11 ep. 16. 111ρι.

22. 11161. 25. 111 ρι. 56. 111
pr. 10. 111 2, 2. 1112,11. 111
8, 8. 1118, 15. 11110,11.
111 10, 52. 111 15, 7. 111 15,
11. IVpr. 2. 111 pr. 18. IV
1,1. 1117,’11. IV 8, 5. 111
9,1.1119,5.1119,,5. 11122,

7. IV 21, 17. 111, 15. V 2, ’

1.v3‚.6.v5,16.v6‚5. ’
ιιι, 1117, 111111

--8,7.18,10. 115,11. A

11, 5. A 19, 2. A 19, 11
20, 5. 121, 7. insum.) 11,
5. 15,1. 112,,1. .112,10,
115,1.115,1.117,8.1·
19,1. 120, 5. 121,2. 121,
2.125,5.126,1. 150, 2.
ιι 1,·1. ιι ι, 1. ιι 1, ιο. 11 1,
15.115,2.118,19.118,28.
szfflmfflfflffiw..
ιιι ι, 5. ιιι 6, ι. ιιι 7, 11.
1118,1. 11110, 19. 111 10, 22.
111 10, 26. 111 12, 1. 111 15,
1. 111 11, 1. 11111, 5. 11115,
15.11116,1.11117,1.1115,
1. IV 5, 1(61ς).1115,29.11

 

