(qen.) l 18, 5. 111, 11. 116, neol 111 1, 11. necem 1115.

16.11’15,5.15,55.119, 111,1.151,1.118,1.11

11.118,1. 8,6.111’6,1.1166611,15.
naufragi (6661. pl.) 11111, 18. 116,17. .·
nauseant 1117, 15. necopinum (ooo. 61.) 19, 6.
nautas lv 17, 7. nectar (666. 6.) 11116, 15. 116-
navls (6616. a) lV 17, 5. na· 61616111 15, 9.

1616 11111, 9. neglegenter lv 1, 15.
11611, 51. 15, 1. 1 15, 6. 1 neglegentiae (966.) A 15, 56.

15, 6. 115, 8.’1 15, 1. 118, neglegunt il 7, 9.

6. 11 pr. 15. 115, 5. 116115. negleoto (661.) lv 5, 10.

ll ep. 6. lli pr. 60. lll 6, 5. 11636116,11.116366110,10.

’1118, 15. 111 10, 7. 11110, 119, 7. negabat 110, 5. ne·

55. 11115,8. 11115, 8. 111 36111118, 7. negare ll pr.

17, 7. 111 18, 15. 1116111· 11. negavit l 15, 9. 111, 10. ’

lv 1, 8. lV 5, 10. lV 7,11. 1163616111111611636161111 .

11111,9.11111,10.11118, , 16,19.1163611111166111,,11.’ ,
’ 18. 11118, 51. lll 19, 6. lv. negotiis (601.) ,111 (11.1.
10,16.11115,11.11115,18. 1161116111,16.118,1.·116,’
1111516. 111, ,8. 118, 6. 1. 118,15. 1111, 5. lv 5,
’. 11,11.118,8.Α9,8.119, 11. 1611111661111, 5. ’
10.110,.11.111,1.1115, 1161116116150,8.111,5.111
8.,1115,50.1111,11.1111, y 7, 6.
1. 1161. A 16, 5. -116111 nemorosis (661.) 118, 1.
pr. 101115, 1115, 7. 11611166111,1.11111,15.

Neapolim ll 5, 7. nenias 111 pr. 10. lv 1, 5.
116615,15.15,16.11,7.11 11661111111115,1. ν
(11.1.115,6.117,11.118, neque 111 111. 19.

11. ll ep. 1. 11 ep. 7. ll ep. nequiquam ll 5, 11. 11116. ,

. 17.111111.11.1118,7.111 nequitia (6666. 6.) 116, 51

10, 51. 111 11, 7 (016). 11111, ep. 1. nequitiae (966.) 1118, 15.
Ι8.1115,19.1117,6.1117,8. 1166616115,10.1119,5.

1117, 11 (bis). lV ll, 11. 111 nesolus A 11, 1.
11,15.11118,19.11110,11. 111115, 8. . -
11110,15.11115,50.117,8. ,111ου111111,1.111,6.1150,
111,’ 11. 15,11. 118, 11. 1. nido (601.)118, 1.
A 15, 1. niger 111 15,10. nigros ll 1, 10.

1166661111, 15. 1166116115,10. . nlhil 1117, 17. 111 10, 18. 111
necuit 111 19, 1. 17, 15. lV 1,1. lvi, 16. ,111

necessitas ill 15, 18. 15, 1. lV 15,1..1111,1. lv

 

