..53-

3111111115, 1. grata (1011. 11.) 1111111111. 11 1118. 111111.

. 119,5.3111111111(1111111.11.)116, haerer0118,1. 1111131111,
11. 1 11, 5. 31111111 11117,9. 19. haeserunt 1 16, 1111111-

gravati (1111111.) 11 7, 1. ,sere 111 6, 8.,111111313111111,

grave (1111111. 11.) 11, 7. gravem 7. haerentem Ν 9, 11.
111p1·. 51. Ν 16, 5. V 5, 2. 1111110101161.) 1115,1. hariolos
gravi (11111111, 5.·111, 1. , 1115, 6.
119,1.116,16.117,7.3111· 111111111111, 16.17, 5,115,
1131111111.) 19, 5. 3111111 15. 118, 11.

, (aee. pl.) 1 15, 11. graviore haustus (aee. p1.111,8.
15,16. Hebri 111 pr. 59. ¹ '

graviter 111111. 27. Ν 5, 51. 11111116, 5.

gregis 1 511, 5. gregi 1 5, 7. hercules Ν 11, 5. herculi 111
grege 11 1, 11. 17, 1..111, 1. hercle 1111.

31111111111111, 18. 11cred1s1V20, 18. heredem ι

grilll (110111.) 1 59, 7. 111 10, 12. IV 5, 7.
gruis (1111111.) 1817. 11111159, 5. “
gubernator Ν 17, 8. 11111115, 5. 1111, 11. 111 11, 6.
3111111161.) 18, 8. 31111 (1161.) 1110 (ade.) 1 1,1. 111, 6. 111,
115, 2. 5.118,5.111111,1.117,11.
3111111111, 1. 1111111111. '
gymnici (9011.) 1 11, Ι. , 1111111157. 1118, 6. V 1,17.
gyro (abl.) 111 ep. 25. ¹ 115, 58. 11, 7. 18,1.1
’· , 16,1.115,15.1111111[1111.1.)

· H . 11,11.15,1.115,5.117,

. 2127, 1. 11 8,27. 11 ep. 7.
1111111111. 1111111111, 1111,11.118,1.11,11.
111.habetl7,2. 118,18.1V V7, 16. 11115. hoel 2,
22,1.h1111e11111sly2,2.1111· 1111111118. 1111,7.
1111111119, 1. 111, 9. hebe- 1117, 17.111 10, 51. 11111,
11111118,1.’15,5. 116,1. 1.1117,17.Ν7,15.11111,

1 16, 1. 1111151111 ep. 9. 1111· 11. Ν 16, 7. 1116, 11. 1V
bebunt 111 111. 51. 11, 7. Ν 15, 5. V 5, 11. 1

· haberes 1 15, 8. haberent IV 7, 8. huius (f.) V 1,Ι 7. huic
6, 7. 111111111116. 111 ep. 11.) 126, 8. (111.) 111111. 18.
5.- Ν 5, 11. 115, 9. 11,11. 1115, 6. 116, 7. 116, 5. hune
116, 15. habendi 111111. 11. 115, 5. 11 1,16. 1111,1. Ν
11611111115,1.-11111111111, pr. 15. Ν 1, 5. Ν 16, 511 ’
9. habueris 111 11, 16. habue· 1, 11. 117,51. 18,,15. 1
11111111, 15. ' 16,1.1111111111.1.15,16.

 

ὅ , .

