-82-

vadum IV 1, 1. vadi (961.) 1 16, 9. 1 18, 8. venatorem A
1,11. 11111(111.)1119,11. 16, 1.111111ο11111118,1.
(dat.) 110, 5. 111111111511. 1111111111

1111111111 18, 11. 17, 7. 1111616111 19, 1. ven·

, vafer A 10, 6. diderint [V 5, 17.

vagitus (nom. 1.) 15, 11. venditaret 1 11, 5.
vagor 111 7, 10. vagantes (nom. veneunt 11 5, 15. ’
1111110. 111111(111.) V 5, 11. veniam
1111115, 9. 11111 1 15, 15. 111, 5. 111 ep. 11.Ι 11110, 5.
111111 IV 1, 19. 1111111111 111111 IV 11,15. venit 1115, 6.
1, 11. 11111111 IV 15,1.11- V 7, 11. veniebat V 1, 15.
lentem A 11, 7. valuisset A 1111111150, 9. venient 111 pr.
11, 1. 8. 111 ep. 15. veniat 1 1, 51.
validius! 19, 8. 111, 9. 111 venire lV 18, 56. 1116.
11, 1. 111 16, 6. IV ep. 9. A veni 1117,15. 1111611. 11-
5, 15. nere V 5, 7. venerant 11,1.
vanus V 7, 1. vana (nom. f.) 11111111, 5. 116, 7. 11118,
17,5.11111(101.11.)19,7. 1.1111’,16.1118,5. 1119,1.
· , 1111111011.) 11111. va· 116, 7. 116, 8. venerit 11
num (111. n.) 1 11, 8. vanas 8, 18. 1117, 19. 111 15, 7. IV
111111. -11, 8. veniente {V 11, 5.
11111111 11 pr. 10. 1111115. 1111111111 5, 8. venisse A
IV ep. 1. 11, 11.
111111(111.)1115,11. 1117, 11. venter 111 7;, 11. ventrem IV
1111111111, 11. . ,18, 51. ’
1111119111.) 15, 5. A 8, 1. 1111111 (111.) A 11, 16.
11111 A 6, 5. 1111 11115, 55. 1111111111 111 10, 16.
-11 [V 10, 9. IV 5, 16. 11111111111. 111111111115.
vectorum IV 17, 1. 111,,15. Veneri 111 17, 5.
vehementer A 7, 7. Venere A 11, 18. ·
vehementis 115, 1. 1111111111161.)111 5, 51.
vehi A 16, 1. veprem A 16, 1.
111 V 5, 10. veram IV 11, 1. 1111111111.)
1111111 1 1, 7. 111111 1 16, 6. 115, 6. 1111 (161.) V 5, 51.
1111, 10. 1111111111, 11. verum 11.) 1 10, 1. 115, 5.
V 10, 1. 11111111 111 5, 1. 115, 11. A 15, 16. 1111 (111.
venari 1 11, 5. 111111111111111 pl.) V 1, 9. 111111119, 7.
5, 1. venantum 1 11, 7. 1111111161. 1.) 1115, 1511116,
venas IV 15, 9. 9.·11111. 18. verbis (161.)1
1111111111 10, 6. 116, 6.1 11, 1. 115, 1. 116,11.,111

 

