, -85-
11111111111- (11111111151111111118, “

borum A 88, 1. 89. vestras 111 pr. 18. vestra
verbera (ace.) A 15,15. ver· (aee. pl.) 1 11, 15.

heribus (abl.) A 111, 5. veterem 181, 6. 1111111100.)
verbosa (nom. s.) 11 pr. 15. 111 5, 55. ⁴

verbosis (abl.) 111, 1. 1110 111 11, 11. 111 18, 5111-
11111111, 17.111 ,5. 1111111815.
vereri 1 85, 7. verendos 111 vetulum (aee.) A 19, 6.

11, 19. vetustas 11188, 19. vetustati
veretri 111 11, 1. Vpr‘. 8. vetustatem 111 19, 7.
1011111111 19, 5. 11, 18. 1 vetusto (abl.) 111 pr. 15. vetu-

1, 81. veritatis 1 1, 9. 11119, stior 111 7, 18.

15. veritatem A A, 8. A 5, 17. vexata (nom. s.) 111 17, 5.
vero (11011 86, 1. 116, 8. 111 111818.

7, 11. 111 18, 19. 11 18, 18. 1111019111.) A 11, 11. 1111111 -
15,15.117,55.117,1. 11,5. 1111158. 1117,8. 111 Α

verrem V 1, 1. (111.) 111 11, 5.,

versari A 5, 1. viatico (151.) A 18, 7.

versus (eom. pl.) 1 19, 8. (aee. viator 11 1, 5·
1111118889111111111 (abl.) vicem 111 1111. 111, 6. viees
111. 8. l 9, 8. 111 15, 19. (1011.ρί.1118,19. 111 ep. 85. ·

1011101151. . 1101111111.)1111111911·

1011111515.11110111118,19. 0111111116, 1. ·

verum (adv.) 11,5. 1 11,18. 1101111115.) 118, 8. , ’
1 17, 5. 185, 8. 11 1, 18. 11 vletlma (abl.) 1115, 8.

, ep. 7. 1111111111159. 11010111111,9.1116,9.18,
111 15, 7. 1111, 8. 111 18, 51. 89. victori 11185, 5. victorem
11189,11. 11185, 11. 115, 115, 8. 111, 1. victorum
18. A 86, 11. 11188, 5.

vescatur 116, 1511101151, 110111151511.) 11116, 1. 111

vespa (abl.) 111 15, 5. (eom. 1111011181, 18. vides 111, 8.
s.) A 89, 9. vespam 189,1. 1118116. V 10, 19. videt 11

1011011111 5, 81,,111 5, 56. A 8, 11. 11 18, 56. A 15, 17.
15, 5. veste 11 15, 5. 11188, videtis A 5, 7. 1111111159.
85. A 8, 5. vide 1116, 5. 119, 11. 189,

vestigio 1151.) 1 1, 19. 19. videor 181, 18. 1117, 18.

vestimentis V 5, 89. ’ 1 15, 7. videris 1 19, 9. 11·

vestitu V 1, 18. 10111111, 15. 1118, 1. 111

vestrae (11111111 16, 6. vestri 7, 17. videntur 111 8, 5. 11-

 

