. -65-

qualecumqueAep. 1. . 56, 6. 11 pr. 1. 11 1,6111,
qua-116 (111111151 11, 15. qua· 5. 11 1, 91. 11 5,19.Ι 11 7, 5.
le (aee.) 1111, 5.,1111,1. 117, 8. 118, 7. 118, 97. 11
Α quales (raom. pl.) V 5, 58. ep. 9. 111 pr. 91. 111 pr. 57.
quum (adv.) I 19, 11. 196, 6. 111 pr. 57. 111 pr. 59. 1115,
1 51, 8. 11 pr. 5. 111 pr. 11. 15.1117,19.1118,5.1118,16.
ιιι pr. 11. ιιι 1, 6. ιιι 1, a, 1111111111 16, 1611116, 17.
ιιι 7, 1. ιιι 10, 6. ιιι 16, 11. 11110,11. ιιι 10, 56. ιιι 10,
111.11,1.1111,8.,Ι111, 15. ‚ 55.11116,15.11115,5.111
1115,1.1115,51.11111,15. 15,8.11115,17.11116,5.111
11’ 15, 1. 111911, 7. V 11119. 18, 8. 111 18, 15. 111 19, 1.
119,15.119,1. 11, 5. A 111 pr. 8. ινρι. 19111918. .
1, 11.15,11.18,11. ’ 1111111118. 111, 18. ’
quamlibet (adv.) 1 95, 6. 111 7, 96. 1119,19. 111 11, 9.
quamvis (adv. 6100111‘1111.) 1 98, 111 11, 6. 111 19, 8. 111 17, 7.
1. 11111190. 1119,5. 111111. 111 18, 5. IV 18, 95. 11119,

. 6.11111,5.11195,17.11, 5. 11190, 9. 1v 99, 91. 111
51915. 95,9.119,5.115,91.115,
quan601111,6.110,1. 98.115,57.117,51.117, ,
quandoquidem 111 16, 59. 57.15,16.16,5.18,99. ’

(161111111111111111111111. 19, 5. A 10, 15. A 15, 17.

f.) 17, 9. 156, 5. 111 19, 5. 115, 99. A 11,17. 19116.

1111111911.) 1 1111111111· 195, 5. A 96, 5. 1 96, 6. ’

tarn 111 9, 1. (1111101117, 15. A 96, 10. “

111 ep. 95. 11 ep. 9. A 9, 5. quereus 111 17, 9. quercum 11

quantum 1 19, 15. 1 15, 7. 1, 9. 1111111111, 1.11115,1.

1 15, 15. 111, 95. 118, 91. 111151111111.) V 6, 7.Ι A 10,

11195, 1. quantis (1161.) V 9, 19. 11. 1 18, 5. querelae (9611.)
quapropterruaa.11113,16. ’ 16, 6.(11111111111111111.11. , Ι
quare 151,7. 11117,5.1vpr. 111 18, 15. (abl.) querela 1 ’

16. 1111111. · 9,16.
quartum-(aer. a.) 111111. 11. quereris 1 1, 7. quereretur

quartam 16, 10. 11117, 1. queri 19, 8. 111
qu6611112,8.111 11, 5. A 56, 6. 17, 9. ’
quassat 111 18, 95., questu 1 9. 7.
-qu611,5.11,5.11, 151 qu1(=qu0)11, 7. .

9, 911115, 9.15, 6.15,9. 1111119,19.19,95.19,91.

11,6.16,8.1a,8.16,7. 1‘1,1.18,1.19,11.111‚
, 111,8.111,11.111,16. 11.119,15.,115,1.115,6. ·

119, 6. 198,1. 198, 9.1 118, 1.,197, 19. 159, 81

 

