’ -55- .

distringit 111 ep. 5. (100111 (dat. f.) 118, 1.
(11101011010001. (1.1 110, 7. documentum (0001111111.
dives 11 1,15. 117,1. 1111, 6. (10101 1V 19, 1. A 11, 51. (10-
· 11111,1.111,1.(11110111,0. 1011011111, 17. V 10,1.(10’-
divina (011. f.) A 58, 7. divi· litorum 111 10, 16.
(1001100117, 18.(11111110 (10110010011111.
(061. (0.1 A 15, 6. (101000 1116, 0.
(111101111611. (1111000110.) (1010111117, 10. (1010100111,
111,9.1.118,10.11111111.111
(1111110011111,1.111,9.(11·10,18.(10101018, 5. 111,
11110100117,1.55 A17, 8.
])110(01111111019,(111101010(1010000101011 115, 11. 11
1111111111. (1. (10001. 1, 17. 111, 6.
(1111111117. 111,7.111,1. 1)010011,11.(101010116,1.
(1111110011, 16, 111011. 11. A 16, 5. 0010 ((101.) A 1, 1.
dot (101 1 15, 1. 111 7,11. dant (1010(0111 151,6. (10101115,1.
15, 17. 111, 1. 1v 18, 50. domes A 10, 10. domuit 111
des 111 pr. 15. 1V 10, 6. (10 11018.
1115, 17. (1010 1V 5, 55. (10· domesticae (9055.) 111 (11.11.
1011111 1, 5. (1010111 1, 10. dominium A 18, 15.
darent 1V 18,1. (101019,1. dominus 11 5, 51. 118, 10.
111010. 11 5, 57. 11, 5. - 111 7, 55. domini (1011115.
(10(11111,15.111,9.1111, 1. 115, 0. 1115, 7. 1111.
5. 111 11, 15. 111 16, 18. 1V 1101111110((101.11117,8. 11119,

(11.9. 1V 10, 1. 11, 1. (10-
00101 1 5, 11. dederis A 5,
15. A 9, 6. A 15, 8. dederit
1115, 18. dedissem 155, 5.

1. V 10, 1. A 11, 11. A 55.
1. (01111 111, 11. (1011110010
118,18. A 15, 7. A 18, 1.
dominae ((1011 A 15, 11.

dedisses A 11, 1. dedisse 1V domus 111 1011111105. 1V

55, 55. datur 1 17, 9. dantur
· 115, 9. 1101111111, 11. 111

ep. 55. datus 1110101 1 1, 15.
datum est 11118, 11100111
111 5, 15. lV 5, 11. datae sunt
’111 18, 10. data (01111189
(000. pl) 1V5, 10.

7, (0111111. 11 55, 51. v

1, 55. A (011. 111, 8. 50-

1110111111,5.1111,7.1117,
10. 1119, 6. 11110,10.111
19,9.1111,16.1111,51.·111
1,.111111110.117,11.
(10100116, 1. (1011111118.

(10001115,11.11,.1 docebo donationis 115, 11. .
11111051110011101101111.(100018,50.(100011111015.

11111, 1. docto (1101111110.
16. doctiorem V 9, 5.

(1000101111 5, 59. donavit 111
16, 11. donari V 5, 11.

 

