..39-

1.18,11.19,5.111,11. insontem 111 10, 56.
117, 0.118,6.1111, 10.1 111111111116.
11, 1115, 5119, 5. 11 1, 11111111111111118, 5.

5. 111, 15. 11 t, 11. 117,11. instat Ι 50, 5. instantem 111, ·

118,8.1115,17.1111,1. 1.118,1.11111111118,·1.
11111,5.1116,1.1117,9. 1111111111111, 1.
1117,16. 1118, 11. 1119,7. instrumentum (aee. 1.) 111
111 10,11. 11111, 5. 111 11, 5,11.

6. 111 15, 1. 111 18, 9. 11119, insueta (111.) 1 11, 5. insuetis
9.1111,19.1118,6.11111, (1111111118.

7. 111 16, 1. 11110, 11. 111 1111111(161.)11111, 8.

11, 11. 11111, 16. 11111115. insulsum (nont. 1.) 1117,17.
·111,18.111,6.1’5,15.11 111111111111,11.

6, 5.119,1.17,1. 17,7. integritatis 111 11, A. lllep.
18,51.19,8.110,9.1 50.

11, 1. 1111. 1111. 11, iniungo 1 11, 1. lv 1, 1.- ’

6. A 18, 16.111,11. 111, intellegit 11 5, 19. 111 11, 8.
’· 5. A 15, 1. 117, 7. 1. 50, 5. 1v 1, 6. 117,50. intellegunt
.-. irreperet A 16, 1. 11111,’8. intellegerent, 18.
- 11111111119,9.1116111155. intellegens A 11, 10. intelle·
inrigatus IV 15, 9. inritos 1 xit A 16, 10.

1 15, 1. · 1111111111111111111119, 11.
'. inscia (nom. f.) 111 9, 5. intendit l 11, 6.
insectatus est 111 11, 5. , inter 1 10, 6. 117, 8. 118,10.

· insecuta· esi lll 1, 7. 1111, 1. 111 15, 1. 1v 15, 7.

inserens 116, 8. lv 17, 1. 11111, 6. 111 15, 1.

·. ,111111111119,1.1111, 18. A 115, 8. 1110. 11, 5. A

18, 11. 11, 11. 111, 1. 111, 1.

ἓ 1111111111 · 1111.

insidiatus A 8, 1. intercessit A 8, 11.
insidiis (etl.) 117, 7. intercidunt A 11, 7.

;- insidiosum (licemini, 9. intercipit 111 11, 1.
, insignis (nom. m.) 111,11. 111111111111111,10. . ,
insignem 1118, 5. ⁴ .’111111·(1111117,18.11116,5.

1¹ insilit l 1, 10. interdum A 1, 15.
² insitivos 111 5, 10. interea A 15, 6.
: insolens 1 11, 11. insolentem 11111111111111,16.
- 117,1. interficit l 9, 7. interlecitIV

' 11111111111111, 8. 1111- 1, 1.

tiis (161.) 111 ep. 51. interiore 111 1, 7.

 

