-tt-

nuptiarum A 11, 5. nuptias 00000011192,11. λ Ι
16, 1. A 11, 29. 0000110 (0111. 0.) 121,1.
1101111111 15, 7. 1101111009 1, 6. 00000011 2, 5. occupavit V
nutu A 26, 9. 1, 2. occuparat 11 ep. 5. oc-

0000110 V 8, 5. 00000010 (nom.
·= Ο Ι.) 11 5, 2. 00000110 (dot. 01.)
111 19,12. occupatis (001. f.)
012,50.17,2.112,15.1 111017.
15, 6. 127, 9. 1111, 5. 111 . 00001111 A 18, 2. 11 00. 15.
· 17, 11. 19 5, 50129, 2. “ 00000011111117,5.150,5.

· 011100100910,1. obiecto (0111. ooull (0001.) A 8, 11. 1051.

01.) 125,1. (01110.) 1912, 8. oculis (001.) A 11, 18. (0111.)
011111 111 10, 5. 0111001191, 2. 19 5, 1. A 26, 11. 00010011
obiurgabat 1 9, 1. 910, 7. 8,18.1912,6.

obiurgari A 15, 10. 0011912, 7.
oblectent 111 pr. 52. 011100100- odio (dat.) 111 10, 57.

set A 12, 6. odioso (0010111211. 01110-
0011100127, 7. sissima (0001. f.) 115,1.
011110111οΙ11 01. 51. ohnoxiae odorem 111 1, 5. 1918, 25.

(0000. 01.) 11 7, 11. 01101019 18, 19. .

· obortis (0111. s.) A 19, 0. 0110001119 15,1. 011οη111000
obscena (000. 01.) 111 11, 2. 111 19, 60. 0110060111 19 00. 1.
obscenitas 19 11, ,2. offendar 19 11, 6. -
01100010 (061. m.) 19 2, 12. 01101101101. 15.

01100010 A 6, 1. A 50, 5. officinam 19 8, 5. 11, 5.
obsedit A 15, 51.. officium (000.) 129, 6. 115,
0110101010 111 15, 20. 16. 1117, 8. A 17, 5. A 21,
0101011101οΑ 17, 2. 6. 0010100101.) 11101. 5. A
obtegere 9 5, 50. 5, 5.

0010101150, 10. offuso (0111. m.) 111, 11.
obtrectet 19 01. 16. 011110- 0111101119 18, 56. .

ctare 11 ep. 10. 1v pr. 10. 51110011, 0. 111 11, 11. 11117,
0111100129,1.01111001922, 1. 11100. 16. 19 11, 8. 19
, 25.0111100116,12. 18,1.15,1.11, 1.

00000100011198, 5. occasione 01110(0001.1.)111 17,9. . ¹
118, 9. omina (0010. 01.) 111 18, 12.

000101 (infin.) 118, 26. 000100 01011111 A 28, 9. omiserim 19
(ao.) v 1, 1., pr. 5.

000100 11 1, 17. omm (01.) 1111. 1001. 11

0001p1110 00.) 10, 1. , pr. 8. 010.Ι 21. A 10, 1.

 

