49-

1311111 11, 1. 131133 A 15, 15. 13131 V 5, 15. 13131313 A 11,
1311313 V 1, 11. 131311111115, 55. 13131311 5, 1.
“ 9. 13113113115, 6. fecunde (33111. 3.) 111 pr. 19.
13133 (3331. 3.) A 1, 10. 13133 13133 (33111. 3.) 111,1. 111, 1.
(311.) 1 11,5. 117,6. 11116, 1116,1.13113111,11.
18. (31111.) 1V 7, 18. 131313 1311333 (3313.) A 19, 6.
(361. 3.) 11111, 11. felicitas 11 ep. 11.
1311133 (131.) 1131. 6. 13133111 feliciter V 1,1.
1 11, 1. 111 pr. 31. 1111, 3. feminae (qen.) 111 111, 33. (331.)
111 10, 17. lV 15, 5. A 8, 5. 1115, 1. 13311333111115,11.
115, 5. 1115, 17.1 1.3131333(33111 pl.)
fames (3313.) A 10, 7. 1313331 IV 16, 5. feminarum 1118,
11118,5.13133116,9.117.1.1 13131333 119,11. 13311-
811176115111118 51 313(1131.)11115,15. (351.)11
13131113(3313. 3.)1117,11. 111 1,1 , ,
10,11. 11119, 1. (311.) lV 13333113 (361.) 1 15, 5.
11, 15. 118, 16. 13133 (131.) 1111, 15. (3313.)
fanum (333.) A 15, 6. 1111. 6. 1313131311115, 1. 13-

131133 (3313.) IV 1, 19. (3111.) 133111,5.111111.58. V 16, 1.
iV 1, 11. 131133 (3331.) 111 pr. 8.

ras1v11,15. ' 1 1313113.11.331111,1.
fascia (311.)117, 56, , 13131131 117, 1. 1313113 IV 18,
fastidiose 111 pr. 15. 50. 1313111 11 ep. ,18. 131131
fastidis 111 16,11. 117, 1. 13· 1, 19. 111,11. 1311331 118,
3111111117, 15. 11. ferret 11, 1. IV 5, 51.
1313113 (333. 3.) A 1, 15. 13· 13131 Vpr. 10. 1311311 10, 8.
1313 (333.) li ep. 18. 117, 9. 1115,1. 118,5.13111 ⁴
1313131111 pr. 15. 13333 331 A 1 1, 1. 1V 17, 6. 1313113 111
9, 11. 18, 1. 1313311331 11, 8. tuli
1311111 1, 5, 1313 (351.) V 6, 5. l 11, 10. 13111111 15,15. 111·
1313 (33331.) 19, 16. A 17, 8. 131131 IV 5, 16. A 18, 15. 13-
A 19, 9. 13113 (1131.) 1111915. 113331 A 11, 1. tulisse. 1V 1, 7.
13131313 11118,19.11111,19. ferox (333. 3.) A 10, 15.
131133311 16, 11. ferrum (333.) 1118, 7. Vi, 10.
1311331 1, 5. 18, 1. 1 ,ferro (1131.) 111 10, 55. (351.)
13313133(313)117.19. 117,8.16,10.
1311311131. 81313131611. 13133118,11.1111,5.1313
13111116,5.1313111113ρ8 (11311,11.) 6.1311113(333.)1
, 1311(333.)1111510. 13133111 11, 9. 111, 8.
15, 1. 1333113111, 11.

 

