117,-17. 178, 5. 115,5.111
pr. 77. 111 9, 7. 11115,5.111
15, 16. 17 19, 5. 517, 55
77, 7. 1106(α66.)17, 51. 1
5,5.116,5.111,17.177,
Μ1Μ1Π55Μ15
11117,1.11117,8.11119,16,
177,8.175,6.177,7.
1715, 56. 75, 77. 79, 1.
710, 10. 519, 5. 5715
578,16.56ρ 1. hoc (011.
11.,.,)119811715.1116ρ.11.
⁸ 171117. 178,7. 1777, 6.

55, 16. 5 18,1.,(661. 111)

15. 171,1. 175,19. 1718,
51. homini 151, 1. 111,10.
117, 7. 111 11, 7. 1715,1.
57, 8. 110111116111115, 19.
111 19, 9. 111 19, 11. 17 19,
1. 17 77, 71. 75, 71. homine
177, 1. 11011106116016.) A 78,
16. (666.) 11, 11. 116, 1.
11115,76.1775, 1. 51,5.

‚hominurn 11 7, 15. 118, 7..

111111. 50. 111 17, 10. 1718,
517 71, 75. A 5, 6. hoini-
Kihlusgot.) 175, 1”. 5710..

, 17 1, 9. 17 79, 9. 1116 (611.) honesto (6116.)5 1, 7.

· 115,15.1116,19.1111516.1101031775,71101101161160.
11116,19 17111. 576, 5 11011011111 pr 59 1101101611
8111661666111.) 117, 7.1 17,5. 11117, 7. honore-V
11, 15. 118, 79. 118, 75. 111 7, 58.
10,19.51,1ο.16,11. A 110111(110111.)177519.110116 ,
18, 17. 11115, 5. 1118,1. (you.) 111 111. ,5. horas 111 ’
1777, 11. horum (111.) 11115, , 15, 11.

11. A 15, 8. (11.) 17 71, 19. hordeum (666.) 117, 9. hordei

1111111175, 7. hosii, 19. 71,5.11011160(051.)117,5. .

111 15, 7. has 17 7, 5. 518,. horrendo (611.) 111,·16. ·

11. his (11.) 111111. 11. 58, horrescunt A 6, 5.

79. (111.)11115, 19.
516116111771,17. .
hilaro (11061.) 117570.
hilaritate 17 17, 7. -
111110111 111. 66. 17 1, 5. 5 11, 78.

Hippolytus 111 19, 5. hortulis (611.) 17 5, 51. hor·
· 51161617951111611111179, tulos 17 5, 76. A 11, 5.

17111161 (110111.) 17 16, 7. 1100111011(011.1.) 571, 5.
hispidi (961117 19, 1. hospitium (661.)118,16. ho-
historia (110111.) 17 6, 7. spitio (611.) A 5, 1.
11061617 11, 17. 17 75, 16. 11061111011.) 1115, 11.

- homo 11171. 17 9, 1. 1777, hostile (666. o.) 171, 8.
1. 17 75, 77. 7 1, 18. 7 7, hostis (110111.) 1117, 19.(9611.)

horreum (11066.)5 9, 17.
1101111161 (hom. f.) 1777, 9. ,
110111111111511, 17. ,
. ³ hortatus 6611111. hortante

57. hominisi 19, 1. 1115, 178,’16. 17 7, 18. 58, 78.

 

