10, 1. 11110, 5. 111 10, 5. 111
10, 8. 11110, 11. 111 11, 5.
111 11, 1. 11111, 7. 111 19, 6.
111 15, 5. 111 15, 6. 11115, 11.
111 15, 9. 111 15, 1. 111 15, 9.
(00). 111 15,16. 11116, 6. 111
ιι, 8. 111 18, ιιι. ιιι ιι, ιι.
111 16, 18. Ι111 17, 9. 111 17,
19. (118). 11118, 11. 111 19, 9.
111 ep. 10. 111 ep. 16. 111 ep.
51. 111 pr. 1. 111 pr. 17. 111

· 1, 1. ιι ι, ι. ιι ι, ι..ιι 8,

ιι. ιι 7, 17. ιι 7, ιι. ιι
ι, 8. ιι ιι, ιι. ιι ιι, 8. ιι
ιι, 7. ιι ιι, ι. ιι ιι, ι. ιι
ιι, 8. ιι ιι, ιι. ιι 18, 87.
111 18, 88. ιι ιι, ιι. ιι ιι,
ι. ιι ιι, ι. ιι ιι, ιι. ιι
ιι, ιι. (ιιι. ιι ιι, 7. ιι
ιι, ι. ιι ιιι. ιι ιι, 7. ιι

ιι, 11. ιι ιι, ιι. ιι ιι, ιι. ·

11191, 19. IV 88, 8. lV 88,
51.111,1.111,5.111,17.
11“9,15.115,19.111,1.11
1,6.111,19.115,17.115,
99. V 5, 95. 116, 5. V7, 15.
V7, 88. V7, 59. 11, 91.
11,99.15,15.16,5.1
7,5.18,91.19,8.19,
9. 19, 11. 119, 9. 110,
15. 1 15, 5115, 95. 115,
96. 115, 98. 111, 97. A
18, 18.A18,8. A 17‚8.A
18, 9. 118,11. 118,19.
196, 11. 197, 8. 199, 8.
159, 8. A ιιι. 1.

sumus 111 10, 5. V 10, 9.
ιιιιιιΙ99, 7. 111,15.111,95.
117, 11. 11118, 10. 11118,
15. 111 ep. 18. 111ιιι. 91. IV

1, 9. 1119,5. 1116,8. 111
19, 1. 11118,6. IV 88, 11.
11195, 15. 11195, 50. 111 ep.
5. 1111119. V 1, 5. 117,91.
ιιιιι111, 11.

6111115, 15.11199,8.11199,
91.11195,9.117,16.111,7.
erit 111 [ιι. 16. 111 10, 58. 111
11, 11. 19, 6.

sim 111 pr. 90, 1117, 97.

sis 1117, 9. 1111, 8.

sit 11 pr. 15. 116, 9. 111 ιιι.-
55. 111ρι. 57. 1116, 9. 1117,
1. 11115, 16. 111 ep. 81. 111
pr. 7. 111 90, 7. 111 95, 5. V
9,15. 16, 1. 191,11. 1
50, 6.

simus A 99, 10.

sitis V 5, 58. .
sint 111 1, 6. 111 ep. 59. 11116,
6. 111 16, 8.

ιιιι19,9. 110, 5. 111,11.
115, 5. 119, 10. 195, 8. 1
97, 1. 199, 8. 115, 5. 115,
6. 115, 90. 111 pr. 15. 1115,
9. 1115, 9. 111 15,9. 11116,
ι. ιιι 17, 1. 111 ιι,ι. ιιι ep.
9. 111 ep. 18. 111 5, 1.1117,
ιι. ιι ιι, 11. ιι ιι, 8. ιι
91, 5. 11199, 97. Vpr. 5.
115,15.15,6.19,5.
essem A 18, 11.

esses 1 5, 15. A 11, 8.

esset 1 9, 95. 1 88, 8. 191, 5.
191, 8. 11 ιιι. 6. 111 111,18.
111 19, 1. 111 pr. 9. 1111, 0.
1118,1. 1119, 0. 11191, 5.
111, 59. 191, 6.
1011111, 10.

forem 11 ep. 5.

 

