-. 72 .-
separa1a110m.s.6 1411, 7. ιιι 6, 4. ιιι 14, ιι. ιιι 14,

separa41m1v 15, 6. . 10.11114‚.11.1111611.111

·se110n1t1v4,11. 16,11.11118,9.11119, 10,

sepuler11646164 15,1. 111 ep. 6. 111 ep. 15. 111 ep.

sequ1eu11117,6. sequeturl 14. 111 pr. 1. 11 9115111 ¹
5, 9. 6661616115, 10. se· 5, 50. 1117, 99. 1118,1. 111

· querentur IV 6, 7. sequere 90, 6. 11190, 11. 11191, 1.
150,,19. sequens 196, 6. IV ep. 7. V pr. 6. 118,5.11
sequentes (666911 1, 7. se· 10, 9. 19, 1. 18,19.,111,
6611616161.) 1119, 16. 7. 1 11,8. 119, 5, 115, 6.

serenam IV 17, 5. 115, 11. 116,1. 117, 6.

“ sermone lV 99, 99. 1 18,Ι 8. 118,11. 118,18.

6616 (adv.) lV 15, 19. 199, 1. 191, 5. A 98, 10.
, 6619616195, 1195, 6. 61615, 6.15, 11. 1 11, 11.1
6611111666.) 1 15, 15. sera 15, 6. 195, 6, 196,11. 199,
1611191159, ’ 6.115,1.111,5.115,95.
servabo 11p1. 8. servet 11p1. 11 6, 16. 1115,1. 1117,1.

6. servans 111 10, 95. 1117, 91. 111 9, 5. 11111,19.

Ι 6611110118, 10, servit I 99, . 1119,-1911117, 10. lv 9,

v 11. serviem116, 10. servi· 19. 111 1, 6.,1115, 97. 1115,
1611151. ,. ’ 15,11118,97,11190,15.111
6611161161116111.)1119151661- η 91, 5. V 4, 4. 115, 17. 1 1,
- 1116161196. 1111, 11. 5.18,11.18,59.19,1.
6611116118,1.’195,1.661· . 19,7.119,”7. 115,51ζ
“ vi1m (666.) 11669. 115, 10. 116, 5.191, 19196, 11.
serves 110, 5. 197,1. ’
'servm-0661.) ιιι 1111616611 v 1111.
sestertia (666911111519.816116111510.
6616666.(966ι.)111,19. ¹ 616616(666.),16,1,
, severitatem 11 7, 1. signum (666.) 1116, 7, signe
sex11,10. ’ (66611116. ,, .
61191.5.15,15.15,10.1 signmeat118,27.11111,16.
. 6, 9110, 9.115,.·8.119, . 1195.61961666ι11115,10.
9. 1991196, 1. 199, 7. 611611111116661 V 6, 16. si·
11 pr. 9. 1191. 19. 115, 5. . lentie (1161.) 111 15, 16. f
116,.911818..116ρ10. 6116611191,19 ·
Ι11 ep 19.. 1116111 11191. 16. silva (1166111119 9. 61116611
. 111111511111116211111146 1, 19.6111161661)1117,19.
- 111915916611115, 161117, 190, 1.
8.,111791.1119,51111018. 611111116111661)1119015...(9111)

 

