11. 111, 1. 111, 8. (abl.) 11. 1111, 1. 11, 11. turpem

11, 8. 111 1, 5.
tecum A 10, 11.

V 5, 57. turpes (11111111

15,1.1111))11111111111118,1. ¹ Ἰ

, tuearis 111 7, 10. tuentes (uum. IV 5, 6.

pl.) 111 10, 58. ,
tugurio (1151.) 1 19, 4.

turpiter 111, 1.
turpitudo A 15, 51.

51111111,9.11,11.15,11. 111111111510.
11,1.11,1.111,1.111, 11111(1ο111.1.)118,7.116,16.

11. 1 11, 11. 111, 1. 111, 1.
111, 11. 118, 14. 111111,
1111, 1. 111 14, 9. 111 11, 1.
111, 10. 111, 11. 111, 11.

117,15. 11 17, 6. 11111161.
11.) 114, 17. (ude.) A 18, 5.
tuti (11111111.) 418, 11. tutas
151, 9.

111 15, 11. 111 17, 8. 111 18, tutare 111 ep. 17. tutandum 1 ’

10. 1v 1111. A 8, 8. A 8,

11,1.

18. A8, 11. 49, 11. 1111,10. tutela (ubl.) 111 17, 1.
tumens 15, 4. tumentes (111. tuus 1 1, 11.

11.) 117, 5.

tunc 1 1, 4. 11, 11. 1 11, 1.
111, 11. 111, 1111111.
11 1, 1. 1111. 111 ru, 11.
111 11, 11. 111 1111. 11118,
1. 1111, 11. 11, 1. 11, 1.
11, 11. 11, 11. 1 11, 1.
11, 11. 11, 11. 1 11, 11.

111, 11.

1111110111. 11115, 11. tu·

tuae (perr.) 1117, 11. (1511111
1, 8. V 1, 15. (111111. pl.) 111 *
ep. 111. ·

tuo (dat.) 111, 8. (161.) 111 18,
7. 111 ep. 17. 11110, 16.

1111111111. 11111 11, 1111111.
1.) 111pr. 4. ,

tuu (111111. f.) 15, 16. 118, 19.
11115,1.1111ρ.17.1115,8.
(111.11.)11,11..111,1.

niuis (151.) V 7, 57. tuarum 1 15, 6.
1115101111. 1.) 11, 19. V 5, 11111116, 5.
15. A 14, 9. turbae (dat.) l tuis (1111.) 111 pr. 50. 114 5,17.
19,9.1111111111111,11.115, (1141.) 111 pr. 6. 1116, 4. IV
. 11111511111111111111. 111 4, 7. 111 11, 15.
19, 7. 1115, 1. 1115,19. tympana 111 1, 7.
turbat l 11, 8. turbavit 11111, tyrannus 1 1, 5. V 1, 14.
1. turbatus A 4, 15. A 1111. ,
1115111111 18, 0. V
turbulentam 1 1, 5.
ture lV 10, 19. 1111111111.) 1 5, 5.
turpe 111 11, 7. 111 18, 15. A vaces 111 pr. 1. 111 pr. 11. vu·
8, 55. turpi (dut.) 4111, 1. uerit IV pr. 14.
1411.111u,1. 1114, 7. 11110, vacua (111111. 11.) V 5, 11. .

’ 11

 

