1, 19. 1116, 9. (6111. 111 19, usurpare IV 16, 5.
. 1. 111 15, 9. IV 91, 5. V 1, usus (111-11,1.) 111 ep. 1515,
11. V 7, 1. 1 11, 97. 9.1111111111111,91.111111115,1.

11111111151. 11119,98.18,6.111,5.111,

11111111111111,91. 118,11.11111 11. 1 19, 9. 1 19, 1. 190,1. ’
1119015. 11111116, 6. 11111 191, 8. 199, 6. 197, 6. 1
⁴ (abl. s.) 1 11, 11. ulli (110111. 98,1. 198, ,11. 11111. 5. 11
pl.) 11195, 50. pr. 10. 11 1, 10. 111, 10. 11

ultimi (11111. pl.) V 1, 8. 5, 90. 116,11. 118, 9. 11 ep.

ultra A 11, 6. “ 5. 111p1.7.111p1.5.111pr. .

ultro 11 8, 6. 111 7, 91. 111 11. 111 pr. 97. 1119,6. 1119, 1
ep. 91. 9.1117,1.1117,9.1117,19.

umeris (11111.) 115, 19. 1117, 97. 1118,1. 1118,16.

umquam 111 7, 6. 196,1. 1119, 5. 11110,97. 11110,

unde 1116, 1. 1117, 1. 1117, 11. 111 15, 111111, 11. 111

ι 17.11115, 10. ι 11, 15. 11115, 11.11116,6.

unguento (abl.) V' 1, 19. 111 16, 8. 111 (11.5. 111 ep. 7.

unguibus (161.) 151, 19. 11 111 ep. 8. 111 (11.9. 111 pr. 6.
6, 8. - 1119, 19. 1115, 5. 1115, 8.

ungula (1611.) 119, 9. 111 5, 10. 1115,11. 111519.

uniones (aee. pt.) 11 1, 11. 111, 1.,’117, 11. 1111.
115, 5. - 11111,6.11115,7.11116,7.

· universis (abl.) V 7, 59. 111 17, 5. 1v 18, 5. 11118, 10.
‘ 1111111117. 111, 11. 1111. 11 11,11111, 1. 1111, 11.
118,.17. V 9, 9. 1 15, 11. 117 99, 8. 11199, 9611195, 5.

- 1111101111. ((19, 17. 151, 11196, 11.11195,95.11195,
15.15,5.11111(1(111.)11116, 111111. 111,5.119,11.
15. unius 111 5, 19. unam V5, 6. V 5, 18. V 6, 6. 11
1115,1.111,1.111111115, 7,15. V 7, 17. V 7,18. V
1. 111111(α111.1.)11,8.115, 7, 55. A 1,9. 1 5, 5. A 5,
96.111111111117,1.11111,1. 9. 15,10.15, 11. 11, 5.
111 95, 98. A 8, 16.·’ 16, 18.1,8,91.19,5.1

urbano (1161.) 11 6, 8. 9, 7. 110, 10. (bis). A 11,

1111111199, 18. 11111111 11, 6. 5. 115, 19. 1 16, 9. 1 18,
1111111118. urbes (111. pl.) 17. 119, 5. 1 90, 1. 191,
111 99, 1. · 5. 191,6.196,11.198,10.

uritur A 15, 19. ’ utcumque 11 9, 1.

urnis (101.) 1 5, 10. uterque 1 10, 7. 115,97.11-

urso (1111.) 190, 1. ” 11111111111110,9. utrumque .

usque A 11, 11. 111, 10. 1118, 11. 111 11,1.

 

