..11-

0111111 ep. 1. videamur 111 vindicta (110111. 1.) 1 18, 1. 1
17, 7. 110111118, 18. 1111, 10, 10. vindictam 1111, 10.
. 5. IV 10, 1. 115,11. videri 1111011051. 0.) lv 5, 1.
111, 6. 11,15.110118,11. 1100011010.) 1115, 11. vina
1101111, 5. 15, 1. 1 11, 1. (aee.) 111, 55. 1100 (dat.)
115, 5. 111,8.1111,1. 111 {V 5, 6.
, 1,1.11116,8.11111,16.1 110111111511.
1, 11. 11111. 111,1. 1 violant 1 6, 11. 11011101 1
16, 1. 111, 5. 1101110011 17,1.
10, 5. 101810. 110111117, vipera (110111.) 17 8, 5. 1111
1. 118,11. 119,1. vidisset 18, 1. 1118, 11. 111 0, 6. 111
11111,1.11111,1.111,1. ep. 1. 18, 11. 1111 (110.)11
1110000017,1. 1101101111 1, 11. 115,19. 1110 (dat.)
111, 8. 111001011117,10. 11 11, 1. (abi.) 111 10, 15.
1011,7.110,8.1100101000- virum 1 8,11. 18,11. 1
aud. 1001) 111 10, 11. visus 15, 1, viros 11 1, 1. 1v5,1.
Α 16, 2· 11111116· visa virg1na10(aee.)1v 15, 11.
(abl- st) Α 50, 4· vlrgo 1 6, 16. virginem 1 11,
0110010115, 11. A 1.111,7.111,15.
vigilem 1¹1 7, 1⁹· vigilare 1 1010110100.) 115, 11.
13, 8· virtus 11111, 15. 1111111111 11,
,1111111 (abl. 110101· 25. vi· 1. virtuti 11 ep. 0. 11, 15.
, 3111115115, 15. 11110110111111,5.11110101

1111111115· 11,11. 01111. 11 11, 1. ’

’ 1110117, 9. viles (010.) 111 pr. 10. 1151115, 116, 5. 1115,10.
vilicus 118, 15. 1110, 1. 111, 18. 1110111
11111 (1101110.) 1 11, 6. 1111110 pr. 5. 11113(110111.)11118,11.
115, 8. 118, 5. 111 10, 19. 1110, 8. 111, ,5. (aec.) 111
111515. 11158. 1 18,7. 1, 9. 11, 5. 110, 8. viribus
villos 1 10. 1. (abl.)11,9..111,7. 111,
vineis 111 18, 6. (1111),·110011 5, 115, 1. 11,11. 181,18.
05,15. 1100101118, 10. vin· 1 11, 9.
001 111 18, 9. vicisti 1 11, 7. vita (11001.) 118,10. 111 ep. 19.
vicit 1 11, 1. 1101011 8, 5. vitae (9111.) 11101. 1511118,
1 8, 15. 1101111101. vietu- 1. lv 11,11. (1101.) 11110, 7.
1001 IV ep. 5. 1111101 111. 1. 15, 1. 150,
vindicet 111 10, 18. vindicate 0. 11101. 11. 11101. 50. 1117,
16, 15. vindicavit l 11, 6. 11. 111 1,1. 11115111 17,
117, 10111, 5. 1100101151 10.11115,55.115,1.150,
8, 51. 110010100110111 18,16. 9. vita 1061.) 111 1, 16.

1

 

