.. 59 ..
6. posuere 11 ep. 1. posuerat possint 11118, 56. 0033011

116, 5. posuisse 1 66, 5. po· 19, 7. 165, All 6, 6. lV 15, ·

, 3110100001.)116900311οε 7. V5, 6. 119, 6. 61, 6.
(qen.) 111 16, 8. posito (061. 6 6, 5. A 15, 5. A 15, 8. 6
m.) l 6, 19; (061. a.) 116,9. 15, 61. possent l 15, 6. 166,
0031100 1011 1118, 6. toret 6. 668, 10. 00330118, 6.
66,19. 1115, 11. 617, 5. 0010111

pona ιιι, 10. - 1, 7. ιιι pr. 50. 1115,15. ιι

populus 111 Ι16, 7. 111 17, 6. 5, 5. lV5, 19. potueris 119,
1116, 68. V 5, 56. 117,56. 10. 0010001166, 16. potuis-
000010110116 16, 56. 00- · 30011116, 56.
0010011611. populo (abl.) 00361 17, 7. lV 1, 6. 1V 1, 19.
1119, 6. . IV 19, 6,1,11 18,-16. 11119,

porcellum 116,·59. 116, 56. 1. A 15, 11.
porcelli V 6, 17. porcellos ll posteri (0001. 01.) 111 pr. 56.
6, 16. lV 18, 56. 003100131101.) lV

porrectus estA5, 15. 6, 6. ,

porro 111 pr. 58. 111 16, 11. posthae A 68, 11.

portae (000.) A 16, 16. postquam 1 11, 11. 116, 16.

portat 111 16,Ι 6. portant lV 111 1, 6. 111 19, 66. IV 6, 6.
66,,66. 66, 19. 00010011 1116,18.11115,9.11166,6.
16, 16. 00010106 16, 6. 116, 15. A 16, 56. A 16, 6.

portis (011.) 1V 6, 8. postridie 111 6, 8. V 6, 66.

posceret lV 66, 16. poposcit 0036010318, 16. postularunt
1 16, 7. 111 19, 56. postulans 11 1, 6.

possidet A 6, 16. possidebit mareistais.
lV 6, 66. possideat 111 19, 57. potens1115, 6. potentem-111,
possideant 1V5,111.1V5,15. 1. 0010010 1 6, 1. potentes

possum l.1, 7. 11 6, 6. 1V 7, (pom. pl.) l 59, 1. (ore.) ll .

61. 001031117, 8. 11166, 6. 6,1.
’00103118,5.167,1.116, potestas11115,15. ’
66. 1116, 16. 1111666111 0061001011001.) 111 16, 6. 111
16, 7. V 1, 18. 0033000311 16, 9. 111 16, 16.

16, 6. 0033001 11 ep. 17. lV 00110315, 6151, 7. 11100.
6,6.66,11.66,11.0010·4 19.1111θ,66.11116,6.111
0016166. 0010011116, 59. 6,15. ’

003310 1V ep. 1. possis 111 6, potrlel lV 5, 66.

6. V 6, 11. 69, 6. 003311 111 praebet 616, 19. praeberet
15, 16. 111 00. 5. lV pr. tt. 667, 5. praebuerunt ll 6, 66.
1119, 9. V8, 6. 668,1. praecaveas A 16, 5.

 

