..54-

ornnem 11111. 11. 1111115. optimos 1111, 7. optimis (051.
01111103(000.)15, 7. (11001.) f.) 1111, 9.
118,11. 11118, 15. 1118, 01110115,11.0111011115,10.
15. 1115, 51. (000.)110,1. 0111011115, 8. ’ -
(00111.) 111, 55. (000.)115, opus (00111.) 11 11, 7. 1111,
15. 1 15, 5. (0001.) 117,1. 16. (000.) 111 15, 9. 1115,11.
01110011,8.118,7.01111111 operis 111 ep. 511, 10. 0·
(0010.111.)11,18,15. (000111.) peri 11 pr. 1. opere 11 7, 9.
1111, 5. ornniurn 111 pr. 46. operibus (501.) V pr. 5. ·
’. 115,55. 0111111503(0101.)111 0150111111 10,15. ,
17, 11.. 1 7, 55, (051.) 1 ordo 1115, 51. 17,50. ordi·
omnino 117, 15.
onerant 1111, 4. 15, 10.
onus r 1, 8. r 131. 11111, 5.

nern 1111, 9.
ornamenta (000.) 115, 51.
0111011111 11, 11.
0111011101,(000.)115, 11. 11

011010,117,1.1111, 15. ·
onustus 11 11, 5.

⁴ 0110111117, 5. 01103117, 10.

¹ 117,11..111111.11.1111,1.
opibus 11 11, 15.

opero(nom.)1 11, 15. 11 5,

1101101110 (pen.) 11 5, 5. ope· .

oro 1119, 5. 115, 5. orare 1
18, 5. 01010101118, 1.

Orpheo (0101.) 111111. 57.

orto 03111 1, 5. ·

03 (nom. 0.) 18, 1. 010 11, 5.
18,11. 115, 10. 115, 5.

1001115,1.17,5.
operarios lv 5, 15.
omnam 11 5, 8.
opinans 1 7, 8.
opinione 111 10, 55.
oportet 111 pr. 1. 11 17,.9.
01110111111151 ’
oppido (051.) 111 10, 19.
opponet n ep. 9.
opportuno (051. 0.) 118, 4.
opprimat 111,10. opprimunt 111, 9. ostentum (000. 11.) «

1 1, 15. 011111033111115,19. 1115, 15. ’.

oppressi 3011111, 5. oppres· otiosum (000. m.) 1117, 11.

010 (000.) 1115, 7. ⁴
oseuln (000.) 1118, 11. 1111,
’ 81111, 11.
osculantur 1 1, 5.
ossa (000.) 117, 5. 1117, 11.
ostendit 111 15, 5. 11 11, 18. ,
15, 6. ostendamus 1 9,1.
ostenderet 1 5, 6. 17, 19.
ostendere 1 15, 9. 111 pr. 50.
ostendit 11 pr. 11. 1 5, 1.

30111(οο0. 3.) 19, 5. oppri· 0110111 (000111111015. 11, 7. ·

- 01010151. Α 0110 (051.)115, 5. 115,1.
oppugnamus, 5. . ovis (00111. 1.)15, 5. 117, 6.
opsonio (000.) 111 4, 1. opso- 01001115, 5.111,.1.010117,

01010101119,11. 1. 0103(11001.)1115, 111115, 5

 

