..11-

11115,5.115,10.1111,6.11 1111111015,15.111111111116,
7, 6. 1 10, 7. 11115, 5. 1 5. iudicet 111 10, 6. iudicare
10, 1. 111111. 6. 111 10, 15. 1111, 1. iudicatis 1V 01. 19.
11111, 7. V 7, 15. .A 5, 15. iugera (1111. 111.) 15, 15.

1 8, 15. 115, 5. eius 1 11, lugulatus soret V 1, 6.
6.119,1.111,1.1111111 iugum (1111.)1116,6.110,7.
11, 5. V 7, 17. 1101011111.) 1113011111.) 111111. 17. lV 7, 6.
1111, 5. 101001 1v 6, 5. IV 1011111111111. 11.) 111 5,11.
11, 11. eos IV 18, 9. iumentis (11111.) 18, 1.

ista (fe-m. 1.) 115, 7. istud Α 11111019,1. 19,15. lunonem
11, 1. istum 1111, 1. 11, 1. 11118, 1.

1 10,10. 110,11. istam 111 Iupplter 1 6, 5. 111 17, 6. 1v
8, 16. ista (1111. 111.) 111 11, 10, 1. IV 18, 15. lV 18,17.
5. istorum (m.) A 16,1. istis V 8, 1. A 1, 9. 10111 IV 11,
(011.11.)-11,8. 1.11,11.11,1.115,6.
lta 11, 15. 19, 5. 111, 9. 1 1118,10.1011111111.18.111
50, 11. 11 pr. 11. 111 15, 9. 17,1.111111111,11.11,17.
111,9.111,18.1111,11. 11118, 1. 101111,.11. IV
1V 11, 11. 1V 18, 55. 16, 111110, 11.
itaq11012⁷‚ ⁷· 111 (111.) 10 11, 11. A 8, 11.
lter 111011.) 111 19, 5. (011.)111 101111111110. 1V 5, 11. iure
10, 19. 111, 1. 18, 7. 116,1. [11,10. iura
Iteratur V 7, 51. (111. 111.) 1v 15, 8. 11, 5.
111111111111, 1. iurandi 111 10, 10. iurando
1111111111, 11. 115, 7. 118, (abl.) 1 8, 7. 1011061101 A
16. V 7, 51. 18,15. iubent 8, 55.
1118, 16. 101111111115,,19. Iurgium (1111.) 111 11, 1. iur-
1111111111,9.111,5.115, 311111.
’10. iusserat 111 10, 11. iussus lusto (011. 11.) 1117,10. iustius
11111119, 1. (adv.) 111 ep. 15. {V ep. 8.
iucunda (11001. s.) A 17, 8. 1011111117,11.
(1101111111.) iuvencum 11 1, 1. iuvenco
1100101101111011. 10000· (dat.) A 10, 6.
, ditatis A 9, 1. 1111111111(9111.)111,5. (110111.)
11101111 10, 6. 11101. 11. 111- 117, 6. iuveni A 17, 1. iu·
dice 111 15, 5. 101111110011.) venes (1001.) 11115, 11. 1v
111 10, 59. V 5, 58. 15,50.111, 1.
iudicium (011.)11101.65. 111- 1111111115,10. .
(1111011111.) 11111117. 11118, Ixion A 5, 1.
50. 115, 1. ’

 

