. · - 55 - .
1116111616. A8, 10. 10- 16111111, 1. 11011 88, Ι1. A

stium 1.15,5. hostibus 111 6,·8. 19, A. .
11116 A 16, 7. 11111 1, 11. 111, 6. 1115, 11.
humanitati 111 16, 1. A 19, 9.
humanum (011. 6.) V 5, 9. ,1616 (110111. 6.) A 6, 6. 1010 (0611)

1101116110 (661.) 1115, 6. 110· 151, 8.

1116116111 IV 16, 11. humana 16611111, 6.

(060. 111.) 1 17, 5. 1116111 (110111.) 1118, 5. 111165. .

11111111166(110111.111.)117,1. 1 1111161. A81, A. eiusdem
’ 60, 1. (1106111.) 118, 1. 111, 6.,611111161111,1,1. 111,
111111101116,11. 6.1119,6.1116111(066.11.)11
humum115, 16. 111111101 18, 5. 6, 11. eadem (110111. (ἶ) A 81,
hydrum Ι 1, 11. 6. 1117, 7. 111 ep. A.
hymenaeus A 11, 10. 1116011811. 11111, 161117.
⁶ 160111 (011.) A 6, 11. .
1 1g1Aur18,87. 1116111,
111.A5,15.AA,111.
laneo A 18, 9. iaces 1 17, 9. 18116110(061.111.)Ι19,1113116-
11111,5.1111,19.1606111111 116 (1101.111.)111, 1. ν
7, 15. 1110611611 18, 5. iaceret lgnls (110111. 6.) 111 11, 9. ignem
11,16.111,6.111,1.’16· 111 19, 5.
0016111 1,1. iacens A 17, 1. 1311016116 V 1, 16. ignorantes ·.
iacentis 111 16,.16. iacentem V 8, 11.
1 17, 8. A 11,,1.’ 1116, 6. 1gn010 (061. 111.) Ι 11, 1, igno·
iacuit 1 111, 111. . 10111 (aee. 11.) 111 16, 6. v7,

„ 11101116 1181, 16. 160161117, 6. 16. ignotos 1 11, 8.

1116, 0. 117, 88. iactant 1 11100 A 11, 16.
11, 11. 1117,88. A 88, A. Anum (nom.) 111 10,1. ,
1116116117, 8. metans 1 11101 1, 0. 18, 7..1 11, 18. 1
11, 1. iactantiorem A 11, 8. 16, 1. 111,10. 111, 1. 181,
iactari 116, 1. iactis (661. 11.) 16. 1 11, A. 116, 7. 119, 6. ’
1111. 111,1.111,11.111,1.11
1661116111 11 6, 10. 6, 6. 116, 11. 116, 16. 111
1610111111 (110111. f.) A 8, 11. 5, 9. 1116, 8. 1117, 9. 1118,
111616, 5. 111 pr. 87. 111 10, 11. 111 10,16. 111 1016. 111
, 10. 11111. 18. 1v 81, 8. 11 11, 7. 111 11, 10.111pr. 18.
pr. 8. v [11. 10. 18, 6. 16, 1v 1, 10. lv 80, 11. 1v 81,
11. v 10, 0. 16, 0. 11, 10. 6. 1116, 6. 1v 16, 1. v 1,
’ 110, 6116, 1. 1111116161161.

, annam 111 10, 10. 1v 11, 10. 10, 1. A7, 1. 166111,

 

