..52-

· nondum 115, 1. noctes (acc.) A 15, 15. no·

1101110111 119, 5. (11111111. 1111111111.) A 18, 8. nocte

7. 115, 5. nobis 15, 5. 150, A 8,1. 115,11. noctu 111, ,

. 3.11117,9.'1v10,1. 11, 18.1117,10.11110,10.
5. 16,1.17,5. 110111011111111111151.
1101111111 11,9. nostra (nom nuoibus (abl. ) 111 11,1
[11111,8.11,11.110111111 nudabit 111 ρ1.17.1111111111111
(1111111111.8.11011111111(111. 15, 1.
¹ 11115111 (110111.11..1111ρ 1111110(αὸ1.11.118,1.1111.11.1
12 1111111111. 11.) 18,11.118, 11111111011111, 17.
1 pr. 1. nostra (11111119, nudas A 1, 1.
¹ ⁴ 9. 1110,1,11011111(1161.[.1 1111111011.)115,8.11115,
15,15.1111,1. 15.115,59.111,15.1111111
11011111111111. 19.. (dat. m.) 116, 1. 16, 15.
notesoet 111 5, 5. notuit 1 · nullo (11611111 116, 5. 115,
7, 55. 5.1111111111119,5.11111111111(αοο.
notus 111 10, 58. 118118, 11.) 111 16, 9. (nom. 111 11
. 1. nota (nom. 11 19, 5. noto 10,11.11111111(1161. 111111, 11.
(abl. m.) 111 pr. 65. notum 1111111115,7.
(aec. 11.) 1 11,11. 115, 5. numeret 111 pr. 16. numere·
110111111511. notis (dat. m.) Ι mus V 1, 10.
⁴ 11111111111111117. 1111111510116111115, 16.
1101111111, 15. notos Ι 11, numine A 6, 6. 1111111111,
9. 11111011 7, 1. 7. numinum 1115, 51.
novacula (161. s.) V 8, 1. · 11111111111111161.11111,15.1111111·
novem A 1, 15. mos 117, 9.
11011111511111111 1115. numquam 1 5, 1. 1115, 11.
. 11011119,1.110111111111,11. 17, 8. A 18, 11.
1101111111115,1.117,1.1ιο· numquidA7,A. 116, 7.
· 1111111117.101111111118. nune 1 6, 7. 1 11, 15. 111, 6.
novies 111 pr. 19. 111 pr. 55. 1115, 5. 1117,11.
1101111111111111·, 9. 11111, 9. 111 15, 11. 111111. 1118,
11115, 6. 111110. 55. 1111, 6. 1111111,
novitatem V 5, 6. 10. 1 19, 10.
novus 111, 51. 1111119111.) nunquale 18, 51. 15,10.
11, 1. 1111101161. 1111 11, 8. 11111111111111, 11. nuntiatum
(dat. 1111111. 511011111611.) est A 11, 17.
» 11 pr. 15. (1111111111 117,1. 1111111101111.) 11, 1.
1111111111 1, 7. 1117, 19. noctis nuper 11 8, 11. 111 16, 11. 1
118,10. 110111111111,17. 1,1.18,51.’ ’

 

