-19..

5. 18, 4. 1-8,19. 119, 7. cupiditas 117, 5. 11519.
111, 5. 111, 5. 115, 5.1 cupidus 111 11, 1. cupidum

14, 1. 1 14, 6. 116, 1. 1 16, (aec. 11.) 115, 8. cupidis (dai.
11111. 119, 5. 111, 1. 11.) 11 pr. 14. ·

111,’1. 115, 5. 115, 5. 1 cupimus 11 8, 17. cupiat IV

16, 7. 116, 16. 119, 1. 119, pr. 6. 1111111317, 5.

9. 15115. 151, 5115, 6. 111111,5.119,6.150,1.11 ·-
115, 7. 116, 5. 117,10.111 pr. 14. 118,11. 111 pr. 55.

pr. 18. 111 pr. 56. 1111, 6. 111 pr. 55. 111 11, 1. 11115,
1117,19.1119,1.11110,9.Ν 16. 11 pr. 19, 110,19.1 -
11110, 15. 111 15, 1. 11111, 5115. <

a. 111 11, 11. 111 11, 1. 111 eura (1111111. 8. 11 a,8.111 ι
111,1.111ep. 18. 111 ep. 11. 5,15.111,7.11,1.15,

11 pr. i. lV pr. 7. iV pr. 14. 16. 111111 11 ap. 19. 111 pr.

IV 1, 6. 115,17. 116, 1. 11.11111.11.1115,15,.

118, 1. 119, 5. 11 11, 5. curabo V 1, 6.
1111,8.1111,1.1115,1. 1111111017,11.

1v 11. 6. lv 11, 1. 1v17,1. curiosior (111111, 11.

11 19, 5.«1115,1. 1111, 7. turritula, 6. 119, 1. eu-

. 11 11, 16. 11 11, 17. 1111, curreris 118, 6. currens 115,
19111119. 1115, 7. 11 5. 1111113111.) 1· 15, 5.
15,11.1115,11.11,1.1 1111161111116,9. .

4, 1. V 7, 9. 19,1. 110, cursui 11,8.1111,7. 18.

1.15,15.11,10.19,1. 1.1 19, 7.

119,1. 1 19, 7. 111, 1. cus10s1117,9.115,a15. cu·

A 15, 5. 1 15, 1. A 17, i. 3111111111.) 115, 9. custo-

A18, 16. A 19,Ι 5. 111, 7. (1111131111.) 115, 11.

115, 1. 111, 1. 115, 1. custodit 117, 7. custodiebat

116,1.117, 1.118,1. 111111.
cunata(110m.pl.) 1111,11.111 cutem 1 11, 6.

8, 8. 11 11, 8. 1111, 11. 11 011111111111 1, 4. Cybe-

11, 17. 11, 5. A 115111- hae (1111.) 11117, 1.

ciis (dai. 11.) 11 ep. 5. 11118. D

5. 11 15, 1. cunctos V 5, 5.

1111111311, 18. damnas V 10, 9. damnavi lV
cuneis (1111.)17,55. pr. 5. damnata (1111. f.) 1
cuniculos IV 19, 1. 17, 6. damnandam 111 10, 16.
1111111151.)15,5. (11111111111111111, 1'6. 111

cupida 111-16, 17. cupidissime 11, 5. damno (1111.)118,19.
11 11, 11. Danaides (1111. pi.) A 5,19.

 

