-{8..

corcodilus 1 00, 6. corcodilis crebris (001. 0.).1 11, 06.

(001.)100,1. 01000110, 10. credis 111 01.
corde ll cp. 18. 1110101. lv 01. credit ,18,111. credat 111

01.5.11110,11. . 10, 01. 0101111016, 10. 010-
00110111 (000.) 100, 5. derel 111, 10. 111 10, 1 (bis)
0011100(001.)116, 0. credens 18, 8. 01000111οε1
cornix ll 6, 7. A 01, l. cor· 51,10.0101111011100111110,5.

0101010, 6. cornici 111 18,10. 111 10, 11. credendum V 0, 15.
cornu (000.) A 00, 1. (all.) A credulitas 111006. 11110, 55.

10, 11. cornua (000.) l 10, crepusculo (061.) 1117, 00.

0. 118, 00. lV 6, 0. cornibus criminatur 1118, 10.

(ahl.) 110,10. 101, 7. 111 0111111110 1 10, i. 111 10, 18.

0, 11. V 9, 1. criminis ll ep. 19. 111 10,11.
corona (001.) A 8, 50. coronam crimina (000.) 111 10, 17.

11 7, 511. 01001 A 15, 7. A 15, 00. 01000
corpus (0001.)11115, 6. Aio, 111 0, 10. A 15, 06.

06. (000.) 1 18,1. 1 01,8.11 cruciari 111 18, 51.

6, 0. A 15, 0. Aio, 00. 001- crudelis (0001. 10.) Ι 0, 7.

0011110,0.1117,0.118,1. 010010115, 0. -

corpori 111 01. 15. A 08, 10. 01010 V 7, 56. crura (000.) A

0010010115, 7. iil, 10111 00, 5. 01010101 10, 0.

00, 05. 0010010 (0010.) A 00. cubiculum (000.) 111 10, 01.

0. corporibus (001.)11110.7. ¹ cubiculo (001.) 111 10, 50.
corrigatur 1101. 5. 000110 (000.) l 19, 0. 111,10.
corripere l 0, 0000000100 1110,11.11100,1.

A 15, 18. correptum (00010.) 001000 (dciii 10, 5. (000.) 115,

1 1, 15. 0.11118,00. 111811. 0010001
corrumplt 111 10, 8. 0011001- 111 11, 7. eulpa (001.) 105, 8.

pes 1118,15. corrumperet IV cultas ll ep. 10.

00,, 18. corrupisset 1100, 0. cultrix ll 11, 5.

corruptos ll 8, 01. cultum (000. 01.) lv 0,111. A
corticem ll 6, 10. 10, 6.
corvus 1 15, 5. 101, 0. corvi culum (000.) 111 18, 56.

1 15,·10. 00110 (ciac.) 11118. 00111 (praep.) 10, 1. 10, 11. ll

10. 00110115, 0. 1,11. 111,05.117,0. 111-
¹cotidiana (001.) A 15, 00. 11, 1. 111 19, 8. 1110,10.111
cotidie ll A, 8. 5 ep. 10. 0, 51. 1110, 58. 1111100.
0011101010061.) 1117, 0. 11118, 00. v 0, 55. A 8, 0.
0100101 lilii, 10. creatisl cum (000100.) l 0,1.10,6.

51, 8. 0100111110, 0. . 10, 1010, 01.Ιο,0.16,

 

