111111.55.155,5.1565

157, 55. 1515,8. 1518,

1114111111111111 (11111111 11·ΙΙ .

55. 1551, 51. 51115, 51, (1111(111111115,1. 1111,.·1 111

95110116,11.1115,.6
1158,1.1159,10.(51.11,
(11111111. [,115, 5.1 111, 9,
111111. 9. Ι
(1111111111.) 115,1.115,11.
115, 15. 111111. 55. 1117, 56.
111 111. 1. 15 5, 5. ,15 5, 15.
15 11. 1. A 18, 18. ,
quorum 1 11, 18. 155,11. 15
5, 5. 15 51, 55, 15 55, 15.
15 55, 16. A 59, A. 1159, 5.
(1111111115, 5.
(1111113 11111. (11.1 17, 5 (abl.
111,Α1 17.

5 51118 5 11110 9 111
11,1,11119,7.155,5.15
17, 1. 15 19, 5. 15. 55, 15
15 55, 19. 51, 1. 55, A.
5 7, 16. 5, 7, 51. A 7, 1.
118,551110,5..11.19;5
A 51, 1.,(111111111116, 0. 11

’ 5, 1, A 15, 111111111115,

A. 1555, 5. 1555, 51. (1111·
dam 115, 5. (1111111111 11,

1. 15 1, 8. quidam (111.) 5 ,

111. A. 57, 55. 15, 15. 111
51.(1111111111 ((111. 111.) 111
111. 10 (1113011111110,50

(111315,1511111.9.11111 (1111(11111118,17,1515,51 ’

15. 11110, 55. 111151515

50,10.

5, 9.15 11, 15 1555555 (1111(11131115, 6. 1111111315 51

5,7.,,.,5581158Α116.

5. (11111355, 15. ..

. 1111111155 155, 7 11117, quiescam 1117, 19,(1111111

1.1.51)111. 155,11, 155,
17.151,,,555110.51,
1115 11118,11.

(1101111 m.)‘‚117 6. (1111111311
511, 9.(111111311111 (11.1 118,15.

(11111111511115511188
λ (11111115,7.15,59.15,81(11111151,7.118,17.1150,15

1118511111111.(1111(11111111111151111

158, 5. 118, 51. 111111. 55.

9.17,.8

1117,18.11110,5.11110,1. 111113(1111111.1151,8.11155.

11111, 5. 11116, 11. 1511.
15 157, 18. 1515, 5 11
1571555111. 55,.75
5511551151. 1111,
'1.‚.11116118,.5185,
111-,555 158,.11 11555
quicumque (nam. 1) l 10,1.

151,1.11111.5.(111(1111111111

(111111. 11111111. 57. 56,5
(111111111111156,11.1159,
8 quacumque (1151.) 15 5,

,11115,11.(1111.(11111515

511 51, 5. (111519, 5.1
15, 9. 111, 55. 115, 50. 11

(1, 1. 111 11111 1115,11.
111 11, 1. 111 11, 8. 111 15, 11.
111 111. 1111111.. 11 7, 17.
111, 11. 118,(1. 111), 17.
1111,11.15,,·1·11,.1
11, 5. 18, 8 11111111

11511185.118,18 .
111, 1. (11111111, 11

, 9

 

