- 30 .-
festinans lll 19, 9. 1661161666 1161111116(661)11117,6.·11 7,11.

111, 11. flebiles (666.) 1 18, 5.
festinanter A 4, 11. flecteret v 9, 5.
fetum (666.) 1 19,1. 111, 5. fleret 117, 16. 1161611111, 6.
fervidam A 10, 4. 1161116(666.) 1 9, 5.

111161 118, 1. flexibus (661.) 116, 17.
11611116 (6611. 6.) lV 16, 5. 116161611111, 1.
fletlone1714,1. , 1111611611, 11.

11116116 (66166.) 15, 1. A 17, 8. flumen (aee.) l 4, 1. flumine
111166111 9, 1. 11161116. fidem 115, 5.

1111, 1. 111 19, 10. 11115, 17. fluvio (6111.) l 16, 5.

1116ρ.9.1115,10.11116111 15,8. 1611616 11 4, 8. 16616116 lV 111, 1.
11116116 A 8, 15. ’ 16611616 l 51, 8.
fiducia (6661. 6.) A 7, 5. 111111- fontem Ι ¹2, 5· ΠΙ 10, 45·

6111111117,1. 1ο166111,11.11118,11.115,
figendum A 15, 16. 55. V 7, 59.
figulus A 4, 1. 16116116 A 15, 16.

11116111 111 8, 1. 111, 59. filias formo (6661.) 111 18,11. (6111.)

1115, 3, 111 15, 10. 111 18, 6. formam
1111661111, 1. tm (16.) 111 1116. 11. 111, 1. 111111.

10, 10. lilium 1118,5. 1118, 1111111166 (6661.) 1111, 1.

16. 1111111111. Amr. formoso (111) ¹ 5. ⁷· formo·
ssmo (661.) lV 18, 6. ν sum (616111.) 1118, 616,
fine (661.) 15, 6. 1. formosam 1115,1. formo-
fingi ll 1, 8. finxit lV 17, 1. sos 1111, 6. formosior V 1, 18.

11, 9. 6111616118, 7. lin- 1611166111, 16.

risset 1515, 6. 11, 1. 6· 1616 lll pr. 51.

6111111 (666. 6.) 11111, 5. fictas forsan ll 4, 7. .

11611. 1566116 (6111. f.) l pr. fortasse lll pr. 8.

7.11,15.(6111.61.)111ρ1.57. 16111611,17.17,1.111,1.
1111111118, 7. · 1117, 5. 1118, 5. lllep. 1.
11111116166(666.111.)119,7. 11111, 17. vo, 1. 117, 6.
1166661111. 15, 15.,111,1. 111, 8.
flagello (6111.) 1116, 6. A 15, 15. 115, 1. A 56, 5.
flagitablt 11166111163116161 fortis (66111. m.) 15, 8. 111,

, 18,16.116311616119,8. 15. 1116, 1. 119,1. 16111

1111311116(6111.) 111 10, 11. 11111, 1. 111, 5. 1611111111 .

flagris (6111.) 1 15, 16.. 8,11. fortes (666.) 111, 16.
1161111116(6111.)1111,11. llam· 1611111116 (1161.) 111, 5. lor·
mis (6111.) l 18, 9. 11611117, 6. A 11, 7.

 

