48-

donec 11 cp. 19. 17, 1. duabus (1111.) 116,
(111111111111111. 11116,11. 17. 111 15, 1.

dormientem 111 11, 511111- (1111111111. f.) Ι pr. 5.

mitum (sep.) A 15, 11. (111111111111. (1111111111.)
dorso ((111.) [11, 1. A 11, 1. 151, 11. 1111111111.) 11 1, 5.
dos 1 pr. 5. dotibus (1111111 (1111111111. m.) 11 ep. 18.
draconis lv 20, 5. E
dubitans 1 11, 11.

(1111111111((111.11.)11115,7.(11- 111,17.18,11.1111,1. 111
111(111.(.)11,11.. 11, 17. 111 19, 7. 11, 51.

(11111111, 15. 1811111111 A8, 11. 111, 1. 111, 7.
18,19.1111113(1111.) 116, 118,1.119,1.111,11·.
118,17. 1111111111,9.111,1.

(11111111517. 1111111165. ebrio (111. 11.) 11 11, 11.

1 19, 7. 11 1, A· 11111115, 11111111,6. 111,11. 1511.

1. (1111111117, 5· ecquid (11111.) A 16, 11.
1111151111) ¹117, 1. lv edentem 1 1,.1. 1111111111,

9, 6. 1111111111. (111111. 19. 15. 119, 9. edidisse 111, 11.

dulcem (f.) 1118, 1511111, educate (111.) 117, 11.

17.(11111((111,)111()1.16. dul· effectu 1 11, 1. effectus (111.)
’ 111(111.)111,18. 118,1.

11111111,1. 1 9, 6. 111, 9. efflcles A 11, 6. effecit 111
111,1.115,9.111,11.1 19, 1.
19,7,111,1.111,1.117, efflglemlll, 118, 7.
7.119,1.151,1.1111.6. 11111111117, 5.

111, 6. 118,11. 1117, 11. effugere 111, 1. 118,1.11-

11111, 11 (111). 111 11, 18. 1131111111, 17.

111 11, 1. 11111. 11. 111111. effugium (111.) 11 9, 1.

51. 11 pr. 16. 11 1, 1. 11 effundit 111 11, 6. effusa (11111.

1,1.111,11.117,1.111 (111119. ’

16,1. 1118, 7.1111,1.11 egolpr. 1.11,7. 11111. 17.

11, 15. 11 ep. 6. 11, 1. 1 11111. 58. 111 pr. 11. 1117,

7, 7.17, 11. 11,9. 115, 6.1117,11.11111,6.1111ρ.

11. A 29, 2. 55. 11 pr. 11. 11 11, 17. 1 ·

dummodo 11111, 2, 11. A 7, 7. A 8, 25. Ae,

(1110(11111.11.)117,1.1111, 12. A 11, 8. A 27, 5. A 29,
’ 22. 111. (111.η.)11,11. 1. Aeo, 8. mi 111 18, 8. A
(m.)A 11, 1. duae lv 11, 9, 11. mihil 1, 1. 11, 11.
v 11. 11, 1. duas 1v10‚ 1. 111. 1111111111

 

