11, 6. anilii, 16. quem 11 (1110111111,15.
19, 8111, 6. (11101111,7. (1101111116,5.111,1.1
1117, 6. 111 18, 9. 1111. 6. 18, 5. 11111). 55.
116,16.1111,1.19,5. 11110111111111,7.11,15.16,
(11111111.) 111 ep. 51. 119, 16. 7. 1 8,1. 11 ep. 6. 11111. 61.
(111).11111111(111.) 1 7, 6. 111 16, 66. 1111. 16.
qui· (prou. indes.) 1 pr. 6.1 (1110(111111,56.1 19,8. 116,
1,1ο.111,1.11111.11.111 1.111,16.118,16.111,1.
11,1.11117,8.11111).1.11 117,17.
11.1.1119,6.16,16.1 1111011001.)1111,11.
15, 8. qua (10011.) 118,1. quotidie 111 8, 11.
quo 111 7,16. quid 111 16, 66. quotiens A 27, 6.
116,16.1116,16.1111,1. 0111111116, 11. ⁴
19,16.
(1111111111 1 1, 16. quidnam 1 ,
6, 9.118, 6. 1111, 5. 1111. radicibus (061.) 111 16, 19.
6. 11 1, 9. A 7, 5. quanam ramo (161.) 111 16, 6. ramis
1111111117. '. 1061111111.
quisquam A 18, 11. quicquam ramosa (aee. 11111 11, 6.
11111111111111. 17. 11111100111111, 1. 156,1.
111 11, 7. 11 16, 15. ranae (1011.11.)11,16.16,1.
quisque 11111. 1117,15. 11 rapinam 11 1, 11. ’
11, 1611618, 111111- 11111111116.ι·11)1111111111,16.
(1110111117. quemque A AA, rapiet 111· pr. A6. raperet a.
16. quaeque (110011.) 15, 8. 2, ii. 1111111116, 6. 111,
quisquis A 11, 6. quicquid 11 16. rapuisti 11 6, 8. rapuit 1
6, 5. 1111,5.1111.1.15, 15,11.118,8.111)111111311 ,
16.16,11.19,6. 11,17.,11111101111,9.11-
(1101111111.) 11115. 111. 1. pium (aee. m.) 1 15,· 5. ra-
111. 6111, 11.111,7. 11 11111117, 7.18,·7. 111, ¹
A, 8. 118, 16. 1118, 11. 111 18. rapiantur 1 16, 1.
,16, 57. 111 16,11. 111 11, 6. 1111101151, 6.
111 18, 1. IV pr. 1711111111 rara (nom. f.) 1119, 1. 111, 6.
6, 51. 11’16,5. 1118,1. 11 1111111117, 9. · ·
18,11.16,1.16,7.17, 111101111.9.1116,1·.11-
7.18,51.116,9.<115, 11011116, 17.118, 7.
18.111,8.116,11.117, 1111111117,6.11111111111 .
8. (6111156, 8. 16, 1.
. quodsi 11 ep. 8. 111 pr. 11. 111 recidat 111 i8, 16.
16, 17. A 17, 7.- 11011111111, 11.’ reciperet 1

11

 

