ΙΝΒΕΧ vfiassbabb

A abscidit A 8, 18.
· ” absistite 111 1, 18.
1 (111111) 1111111111)115,1.(1) absolvar 111 9, 1.
115, A. 118, 111. 1117, 15. (d) abundat 11 ep. 1. abundet 111
1111, 1. 1111159. (1) 111, ep. 11.
1. 1117,10. 11 11,)1. A 18, 1111111111150, 5.
19. 11) 11,11. (1) 111 111, 11. ao (1111111) 1 51), 7. (111111) 111»
1115,8.(11)1111,5.119, , 18,1. 1111, 1.
5. (11) 111 111 1. 111111. 51. (μ) accedit 11 8, 11. 111 11115.
11111111) 15,11.18,10. accessit 11 11, 1. 15, 1. Α
11 1, 8. A 15, 5. (1),111 111, 11,1. ’
19. (s) l 17, 9. 1118,15.11 ’1111111111111, 1. 1111111111
19, 11. 1115, 5. (1) 1 1, 8. 111 19,1. 1111111Ιί 1111, 15.
11) (aab 11111111) 1 11. 18, 1. accensus A 1, 7. accensa est
19,5.117,1,118,8.1511, 1111118.
11511, 6.151,9. 115,11. 1111111111111, 1.
11 11, 1111 111,1,1111,11. accessum (111.) 11 1, 111.
17, 59. A 7, 8. (1111111) 1 accidat 1118,18.111111111111
11,1.116,8. 111-1. ⁴
abdidisset 11 5, 5. 1111111311 accipies 111 5, 7. accipias 11
1111. pr. 11.111111111115,5.111ἰ- ’
1111111111 1, 7. 11 18,11. 111· · pile 111 15, 9. accipiens 1118,
111 11111159. 111111 18, 5. 1 8. 1111111111 15, 11. 1111ρί-
1115. 1117,15. A 1815111111 mus 1 111, 11. A 19, 5. 1111-
111 19, 9. Abi, 8. abierunt 11 1111111111 5, 11. accepta (1111.)
10, 111. abiturus IV 10, 1111 , 11 1151111111111 (1111. s.)
5, 6. ‘ ’ 11117.
abiciet 11 5, 11. abiecit lV accipiter l 9,1.
1,15. , accommodat 111 111, 1.
abigeris 1111, 15. 11131111 1111111111 A 111, 11. ⁴
19, 1. accubans A 11, 15.
»111111111115 . v 11111111111. A 17, 1.

 

