1110111011 19, 8. vitans ll 1, vuluerit Ι pv. 5. 11 00. 10.
> 88. vitavi V 1, 8. vitassent lll 17, 8. voluisses l 5,,11.
151, 1.“ voluisset lll 15, 11.
1100011000.)1100181100 101001101015, 8. Ν „
(0011.) 11, 85. 1111101061.) volucris (uum. 1.) 11 1, 6. .
lV 10, 8. (000.) 95, 5. volueri V8, 1. ’
1110100119, 5. , volucrem 180, 11.
vituperant 18, 6. vituperant volumine 17, 6.
19 7, 86. voluntas V 6, 5. voluntatem
1110100101.) 1111619. vivos lV 5, 51.
11 5, t. voluptas lV 9, 9.
vivebant 1 89, 8. 111010011 volutat 1171, 8.
’ 88, 11. vivere 1117, 15. 101 (0010.)18, 50. 1 11, 11. ’
11119188. 1985881108. 118, 8. 1118, 18. 1118887.
100011 15,15. 100001111 01. (ace.) l 16, 7. l 51, 9. ,111 8,
9. 1000100 est 1 18, 9. , 11. 111 18, 55. vobis (dat.) 111
· 1001011-1,15.11100.9. vocem 18, 1015, 7.

l 8, 86.,1 11, 18. 1 18,·18. votum (000.) 111, 8. 10101000.
115, 8. 115, 9. 111 16, 16. , 01.)16, 8.
111 18, 1. 111 11, 1. Vt, 17. vulgare (11010. η.) 1119, 1.
115,55.187,Ϊ7.189,9; vulga-tus est lV 85, 51. ’ ’
1000111,5.18,80.111, 10131111,18.11715,5.111,
88. 181, 5. voces (000. 01.) 5. vulgo (adv.) 1115, 8.
16, 6. vocibus (0010187. vulneris 11 5, 5. 101001011

volans 116, 7. 1010115, 11. 7, 18.

volito 1 89, 6. vulpeoula (00010.) 199,10.

1010 ll 5, 5. 1118, 11. 11181, vulpeculae (dat.) 1 50, 5. “
6. 11185, 15. volunt ll 8, 6. 10101188, 18. 1010010 1 10,
1011115,9. 181,1. 181, 1. 186,7.11, 1. 1010001
9.111,9.101001100.11. 7,1.115,5.115,1Ι.186,
1110018. 10111189, 6. 111 5.188,8.195,1·.1119,5.
001. vellem Vl,8. 101101 1580,1.1 16, 8.
16, 5.111,5.115,1.188, 10101000188, 5.

· 8.189,9.195,87.1915, 101101101187,8. ,

5. 185, 8. 1οΙ100111117,1. vultus (010. 01.) t, 16,1.101-
1 88, 11. volebat 111 pv. 55. tum 111 18,10. 101101 15, 7.
10100111 11, 11. 10101111οι. U
15.· volens 1 5, 15. voluisti
118, 5.115,1. 10100115. 00010111 15, 7.
11115,19.11188,7.11,15. 00119,1.116,7.150,1.11

 

