.-79-

116111 ep. 17. 17618 78, 71166716 (661)76 16. 77, 71.
7. 77, 75.7616661611816. 7666661616 (666.) 1 77, 5.
111 ep 57 17 11 19. 77, thesauro (667 )76 6. 7116- ⁶
77. tempora (666.) 11161. 17. 66616617 76, 7
7611617175, 7. 766666111117, 76 Thessala (667. 6.) 177, 7.

· tenebras 777 70, 77. 16666176 Threissa (6661. 6.) 711 pr. 66.

11116, 76. 77776, 7. 1776, 76. Tiberius 116, 7.
7611616 (6676117, 17. 7666166 77616111 V 7, 8 tibiarum 17
76116776, 76. 7666116117, 6. 77616611 7,7 7. 77, ..79 tibi· , ἦ
· 117, 7. 76666678, 5. teneat 676677, 76. “
, 776, 76. 7666667777. 16· tigillum (666.) 17, 17. ,

6677111 pr. 66. 7111166 7776, 6. 7761666Ἱ11, 7.
7611117 (671.) 17 75, 7. 716, 9. 715, 78. 7761616111 ’
ι 76667766117, 75. tenuitatem 7, 78. timens 11, 6. timen-

117, 6. - 766 (aum. pl.) 1117,16. 77
tergore 111, 9 . 18,11. 77 78, 18. timueris .
tergum (666.) 77 16, 7. r 1776, 6. · ·
torminum ,(666.) 171 ep. 78. timidus 7 16, 7. 7 7, 7.
- (666.)17111. 7. 7111161617,19.117,16. 117, ⁰
761166(7)66.)·76, 1676171161 16.118,“5. 1

77 7, 8. 77 76, 7. 75, 16. 7711676111 (666.) 77 5, 7.

776, 6. 761176 (661.) 1775, 771177111166616111Ι (666.) 117, 6.

7. terra (667.) Α 56, 7. 7771177 (qen.) 77 pr. 7. ⁶
terraneolam 756, 1. titubanti IV 16, 16.
76116167 7 11, 6. 76116111 ’7, Tityos 7 6, 75.

16. 761177661 16, 6. · togam 111 16, 16.
7611616117, 11. 76116 7 6, 7. 7611771 11, 7. 77
7617166 17 7, 16. 761176 (6616. 8, 77. i 16,11. 76116 77 7, 9.·

6.) 16, 9. 7617766117 6, 6. 7611616 77 8, 75. Α 15, 8. ·

77 76, 11. 761·7761617161·.79. (v. 66676766 67 61161677).
76676 (667.) 111 7, 7. tonanti (dut.) 111111. 18.
testamenti IV 6, 79. tonitribus (667.) 7 7, 75.
7667676116, 7. 76116616 (666.) 111 16, 77.
7667766166 i 78, 6. torques 1V 76, 17. torquet 1
testimonio (677.)1 17, 6. 76, 9. 111 17, 7.

766776 1 17, 7. 11161177. 766166 7676111 (666. 61.) 77, 55. (666.

(uam. pt.) 111 u, 5. 6.) i 7, 16. 116, u. 666
testudinem 116, 7. 1 6, 11. 178, 9. 17 6, 8. 17
thalamos 7 t, 6. 17, it. 1118, ii. tuo 111,

 

